0.2809
0.2747
0.41
0.3918
0.2282
0.2639
0.5739
0.3739
0.5173
0.6425
0.735
0.7028
0.6362
1.1514
0.6855
1.1236
1.2393
2.0583
2.4062
2.2081
1.2438
1.7981
2.9954
1.9257
1.5592
0.4135
1.6534
0.9552
0.9646
1.6432
1.4474
0.661
0.9657
0.6589
0.6776
0.679
0.6199
0.6642
0.4937
1.2813
0.7981
0.7602
0.7319
1.0842
0.8139
1.0746
0.5696
0.679
0.8286
0.6278
0.5516
0.774
0.5272
0.3215
0.7139
0.351
0.2925
0.4387
0.7406
0.3748
0.816
0.7859
0.7902
0.8416
0.8391
1.2313
0.7585
0.9237
0.9049
1.2335
0.6833
1.1066
0.5892
0.6245
1.1226
0.7093
1.1525
0.9758
0.8712
0.624
1.2512
0.7083
1.3485
0.936
1.1885
0.8381
0.4753
0.8511
1.0627
0.6862
1.0659
1.8545
0.5098
0.8223
1.3971
1.1677
0.7637
0.5489
0.836
0.8447
0.9264
0.6181
1.036
0.7483
1.1753
0.532
0.9387
1.3119
0.8039
0.6749
0.418
0.7647
1.088
1.0571
0.6505
0.5401
0.5849
0.8585
1.386
0.8214
0.4409
0.996
0.7264
0.8368
0.9772
0.9097
1.0081
0.8699
1.0438
0.597
0.4924
1.2102
0.6065
0.9876
0.5144
0.9073
0.6252
0.6717
0.5292
0.4847
0.8446
0.7487
0.5887
0.7608
0.7656
1.1462
0.9969
1.0747
0.9071
1.2016
0.8378
1.0564
1.1775
0.8092
1.23
0.7478
0.8901
0.5798
0.6895
0.8458
0.3148
1.6317
0.7451
1.0823
1.1638
1.8103
0.79
0.896
0.8207
0.5678
0.4839
0.9407
0.7505
1.0405
1.551
0.8364
1.1501
0.891
0.7508
1.0745
1.114
0.8421
0.7468
0.8955
1.129
0.6819
0.7576
0.9799
0.4234
0.3931
0.7454
0.8545
0.6759
0.6075
0.4914
1.1115
0.7385
0.6291
0.4736
0.561
0.7046
0.5952
0.667
0.8655
0.9873
0.5989
0.4099
0.4987
0.5057
0.5466
0.6539
0.628
0.7041
0.8117
1.2168
1.0181
0.9087
0.6515
1.0448
0.3828
1.0724
1.0478
0.7049
1.2334
1.0897
0.7765
0.8345
0.644
0.392
0.6685
0.6834
0.8947
0.5243
0.9411
0.5348
1.0684
0.3137
1.0043
0.4136
0.8252
0.6005
0.5545
0.5354
0.5714
0.4165
0.3721
0.8228
0.6858
0.9264
0.6349
0.9938
0.6111
0.8492
0.5099
0.9199
0.7962
0.8634
0.7132
0.5274
0.2768
1.3027
1.1134
0.7663
0.6997
1.0656
0.7932
0.9854
0.5607
0.8723
1.075
0.942
0.7788
0.8345
0.5358
0.4469
0.5639
0.8616
0.6433
0.275
0.6264
0.4329
0.6989
0.7436
1.3282
0.4712
1.0614
0.5623
0.6075
0.5363
0.7626
0.6799
0.7195
0.326
0.5394
0.4254
0.725
0.5419
0.9086
1.2144
1.2832
0.6098
0.6032
0.4992
0.4195
0.5427
0.9361
1.1287
0.5465
0.3205
1.0351
1.0576
0.6316
0.6155
0.5981
0.4028
0.8273
0.3183
0.356
0.5258
0.6274
1.0951
0.5215
0.6272
0.7177
0.5924
0.7803
0.6619
0.6745
0.7646
0.913
0.6012
0.463
0.5762
0.4571
0.6107
0.4399
0.6649
0.7579
0.5052
0.4877
0.6225
0.3003
0.729
0.6526
0.693
0.8866
0.8283
0.7432
0.8445
0.5542
0.67
0.6321
0.3961
0.8858
0.5356
0.7617
0.3916
1.1245
0.5807
0.6969
0.5423
0.5596
0.2995
0.6245
0.6387
0.265
0.7047
0.3705
0.7937
0.6704
0.4313
0.5781
0.605
0.5413
0.4743
0.9583
0.5828
0.6101
0.8986
0.6891
0.3861
1.0378
0.3256
1.1747
0.414
0.6009
0.7522
1.0839
1.1337
0.6018
0.5483
0.2782
0.8838
1.0917
0.9025
0.6867
0.538
0.825
1.0044
0.7859
0.2925
0.3303
1.0134
0.6956
0.6178
0.526
0.4961
0.3222
0.773
0.5376
0.6119
0.3539
0.6191
0.6146
0.8812
0.5582
0.5635
0.8261
1.2333
0.3572
0.8487
0.6418
0.7526
0.608
0.9372
0.3819
0.6205
0.867
0.6265
0.7644
0.5209
0.5036
0.7467
0.5097
0.8113
0.5322
0.4194
0.8694
0.9092
0.819
0.7151
0.6171
0.47
0.3509
0.7976
0.7953
0.8216
0.4676
0.8014
0.8574
0.5457
1.0146
0.6845
0.4281
0.9201
0.8405
1.0961
0.7491
1.3948
0.7512
1.4449
0.8497
0.7737
1.0875
0.6424
0.4642
0.7578
0.4181
1.1662
0.9098
0.6954
0.6728
0.7136
0.8923
0.6722
0.5641
1.0297
0.5682
0.7951
0.9698
0.5602
0.6152
0.6562
0.4483
0.7674
0.8987
0.9815
0.6716
0.6832
0.923
0.7383
0.6048
0.5392
0.5761
0.4001
0.7635
0.4271
0.3866
0.5919
0.6688
1.0888
0.3533
0.7564
0.5738
0.4875
0.8255
0.452
0.8345
0.4893
0.3768
1.1116
0.4747
0.6975
0.738
0.9291
0.7748
0.5439
0.5837
0.4709
0.4307
0.6342
1.0249
0.4235
0.8913
0.5987
0.9531
0.7171
0.8369
0.5471
0.5681
0.4616
0.6807
1.0501
0.776
0.447
0.8233
0.4831
0.4955
0.6502
0.5559
0.9839
0.7052
0.375
0.5786
0.9021
0.7673
0.657
0.5849
0.998
0.4964
0.3041
0.6808
0.9028
0.8574
0.2876
0.5173
0.7858
0.8671
0.7212
0.5575
0.8235
0.9307
0.7107
0.6719
1.3273
0.5476
0.8029
0.7065
0.8655
1.2331
1.1482
0.5607
0.6407
1.2013
0.5121
0.9285
0.3474
0.7237
0.4204
0.6293
0.4849
0.4902
0.4098
0.4649
0.6393
0.7055
0.4694
0.7338
0.4482
0.7084
0.988
1.0765
0.5245
0.7931
0.9451
0.5457
0.5632
0.7987
0.531
0.5522
0.5949
0.475
0.3474
0.5221
0.7021
0.4932
0.3855
0.5808
0.6625
0.8488
0.66
0.6448
0.9161
0.7916
0.6463
0.742
0.8006
0.5959
0.6288
0.4428
0.7094
0.7151
0.8549
0.5014
1.0775
0.8028
1.0019
1.1188
1.1719
1.3281
0.705
1.1655
1.0885
0.9222
0.632
0.5653
1.0277
0.6118
0.376
0.7297
0.664
0.5339
0.4724
0.5114
1.0807
1.0341
0.8265
0.6197
0.6269
0.4245
0.837
0.6541
0.5929
0.581
1.0607
0.6619
0.7243
0.982
0.6508
0.4504
0.9534
0.7099
0.4881
1.0935
1.2542
1.1369
0.5077
0.5203
0.8081
0.6586
0.8618
0.6164
0.762
0.7986
0.9714
0.903
1.0588
0.6145
0.4993
0.9553
0.5085
0.8166
0.7711
0.9159
0.4254
0.4374
0.6679
0.9003
0.5789
0.503
0.587
0.424
0.3925
0.6615
0.7484
0.8254
0.7259
0.6666
0.4536
0.3516
0.9055
0.7598
0.4252
0.7439
0.7079
0.5455
0.6411
0.439
1.0225
1.0823
0.5286
0.6588
0.8334
0.7937
0.7383
0.6723
0.4702
0.8613
0.8192
0.3367
0.6974
0.4956
0.8663
0.935
0.3794
0.4327
0.7617
0.6273
1.1171
0.6047
0.9757
0.4914
0.5003
0.8504
0.5974
0.9515
0.6539
0.576
0.8456
0.4217
0.4588
0.7501
0.5721
0.6529
0.9828
0.5588
0.6573
0.9113
0.7346
0.66
0.6416
0.498
0.7707
1.0034
0.5269
0.5702
0.5853
1.2247
0.7083
0.4902
0.5406
0.6561
0.6256
1.0131
0.5027
0.6918
0.9522
0.364
0.7841
0.4211
0.9647
0.4566
1.0021
0.8213
0.4164
0.9047
0.4481
1.0163
0.4702
0.8789
0.8885
0.8433
0.4367
0.9326
0.6728
0.9988
0.8083
0.4963
0.6544
0.4474
0.6338
0.467
0.4351
0.9299
1.0736
0.5454
0.7942
0.649
0.665
0.4022
0.7955
0.5292
0.587
0.975
0.6516
0.7116
0.8334
0.6777
0.8596
0.6125
1.0576
0.616
0.3719
0.7126
0.8291
0.6027
0.9685
1.0739
0.4045
0.4324
0.4705
0.4364
0.8647
0.6477
0.7779
1.1249
0.5909
1.1031
0.4461
0.4316
0.7935
0.4041
0.6083
1.0088
0.2949
0.5241
0.5419
0.8026
0.8629
0.5709
0.4483
0.6299
0.4016
0.4922
0.5957
0.5683
0.7228
0.8926
0.566
0.8512
0.8354
0.901
1.1895
0.5099
0.5852
0.8238
0.4942
1.1739
0.3959
0.9217
0.9214
0.9101
0.946
1.1443
0.9062
1.3481
0.6821
0.7165
0.591
0.9841
0.6533
0.5024
0.5386
0.646
0.5568
0.6871
0.6189
0.4483
0.6967
0.7945
0.5946
0.9812
0.7861
1.0796
0.7158
1.0969
0.6493
0.9897
0.3496
0.3737
0.5512
0.5936
1.0308
1.2462
0.7395
0.8158
0.4456
0.7999
0.639
0.9476
1.1328
1.2134
1.0277
0.5756
0.7143
1.029
0.9626
0.635
0.6785
1.207
0.7927
0.8098
0.5248
0.4803
0.4952
0.9927
0.9114
1.3317
0.7609
0.4842
0.8119
0.6992
0.404
0.8544
1.0283
0.3249
0.9279
0.8924
0.7412
0.8646
0.5832
0.9519
0.8933
0.6881
0.7061
0.4841
0.7154
0.5574
0.6627
0.5284
0.48
0.7726
0.6063
0.4699
0.5873
1.2001
0.3308
0.8009
0.6922
1.0032
0.6561
0.7706
0.8319
0.7479
0.8727
0.7637
0.5986
0.7357
0.5182
0.5802
1.0224
0.7181
0.3285
0.6471
0.877
0.3937
0.5605
0.7742
0.7352
0.7131
0.7054
0.4857
0.4336
0.5297
0.8182
0.9677
1.0215
0.7117
0.5912
0.5432
0.7056
0.6052
1.1476
0.6314
0.8972
0.6488
0.4637
0.6707
0.9303
0.4808
0.8411
0.8718
0.5028
0.8866
0.9534
0.986
0.4375
0.784
0.529
0.6934
0.5238
0.8878
1.1082
0.9185
0.5945
0.5958
0.8246
0.4069
0.6896
0.8097
0.4391
0.6751
0.4554
0.5214
0.5696
0.5953
0.6366
0.8596
0.6726
0.8925
0.569
0.8931
0.9621
0.9779
0.5856
0.688
0.5549
0.8267
1.0246
0.7557
0.7838
0.5638
1.0304
0.6469
0.736
0.7589
0.4829
1.0002
0.8021
0.9897
1.1558
1.1434
0.702
0.5172
0.941
0.3964
0.8975
0.8063
0.5395
0.657
0.6622
1.1957
1.0428
0.6044
0.7609
1.0102
1.1449
1.0323
0.5618
0.7712
0.8333
0.6645
0.8178
1.1836
0.7071
0.9851
0.7917
0.6826
0.7373
0.7078
0.6963
0.6814
0.7991
0.5682
0.9393
0.7495
0.8369
0.352
0.5481
0.4817
0.557
0.6553
0.8217
0.5794
0.8689
0.9016
0.8307
0.9269
0.5366
0.6547
0.5572
0.5168
0.3842
0.639
0.7958
0.721
0.9723
0.8544
0.5641
0.846
0.8967
1.097
0.5456
0.754
0.9965
0.777
0.5103
0.7333
0.8583
1.1598
0.4787
0.7164
0.6924
1.493
0.756
0.6462
0.456
0.6956
0.3945
0.6176
0.9527
1.0181
0.8873
1.1519
0.8208
0.6581
0.4814
0.4957
0.6574
1.4109
0.7942
0.9438
0.8818
0.8352
1.1285
0.5202
0.7021
1.0043
0.6759
1.1567
1.365
0.7279
0.5991
0.8806
0.8687
0.5806
0.8538
0.9547
0.7103
0.8416
0.9591
0.8029
0.8709
0.7107
0.8645
0.8667
1.042
0.8328
0.8136
0.5315
0.8793
0.4781
0.7872
0.7795
0.5513
0.7268
0.918
0.6385
0.7307
0.7361
1.0269
0.5874
0.8797
1.0898
1.0166
1.2195
0.5359
1.2173
0.6889
0.7827
1.0854
0.6449
0.5282
0.4547
0.4551
0.8071
0.7668
0.9175
0.6074
0.6455
0.6492
0.5117
0.6362
0.9189
1.1735
1.0167
1.0139
0.909
0.9283
0.9853
0.7394
1.1745
1.4578
0.7587
1.404
0.3527
0.3885
0.7718
0.5109
0.8157
1.3743
0.8009
1.1479
0.3251
0.7025
0.5412
0.6213
0.5369
0.5844
0.4508
0.8679
1.2121
0.8967
0.7522
1.2326
1.2836
0.9578
0.7102
0.7136
0.9535
0.783
0.8095
0.5581
0.7304
0.3973
0.9497
1.2161
0.6926
0.6096
1.2432
0.7541
0.7835
0.9564
0.5097
0.5119
0.4336
1.036
0.7277
0.6884
1.2082
0.8732
0.6949
1.0783
0.6633
0.9904
0.7158
0.704
0.5083
1.2107
0.5739
0.6456
1.3574
0.4226
0.4776
0.4849
0.6219
1.1864
0.9916
0.8066
0.3549
1.1697
1.1759
0.6816
0.8822
1.2822
0.7339
1.3657
1.1841
0.5081
1.0124
0.7477
1.0832
0.9902
0.9615
0.6916
1.19
0.8694
1.0475
0.6735
0.5056
0.8216
1.1291
0.6875
0.422
0.9331
0.5015
0.9155
0.6168
1.1624
1.1007
0.7364
0.7605
0.6544
1.2266
0.6067
0.7345
1.0882
0.3817
0.9963
0.6536
0.5693
1.1346
1.0025
0.6411
0.8921
1.1927
0.3943
1.0821
0.5643
0.6825
0.344
0.9011
0.707
0.8826
0.5066
0.8456
1.1348
1.0001
0.8435
0.51
0.7757
0.3131
0.8003
1.1245
1.1875
0.6665
0.9814
1.0848
0.887
0.6962
0.7561
0.9757
0.7126
1.1296
0.5656
0.8758
0.8084
0.9847
0.4908
0.5383
0.87
0.9301
0.8232
0.7038
0.7427
0.5547
0.6185
0.9298
0.8492
0.8708
0.5678
1.467
1.4215
1.1077
1.5249
1.1083
0.8223
0.6689
1.0146
0.9799
0.4615
0.7498
0.8371
1.1348
0.7188
1.2633
0.864
0.798
0.8008
0.8009
0.6194
0.8111
0.6309
0.7249
0.8292
1.2585
0.8344
0.6592
1.2578
0.4863
0.8619
0.9331
0.9133
1.3031
0.8843
0.8689
0.9851
1.5103
0.9158
0.7357
1.3863
1.2458
1.125
1.1012
1.1569
0.7578
1.414
0.703
0.7674
0.6243
0.5994
1.2711
0.8479
1.2549
0.8993
1.053
0.7754
0.9176
0.8201
0.7836
0.5746
0.9984
1.2322
1.4667
1.0808
1.2663
0.5126
0.9556
0.9916
0.4994
1.1875
0.908
0.5519
1.0469
0.5844
0.7315
0.9178
0.4957
0.4984
0.6368
0.8072
0.8294
0.822
1.0141
0.6992
0.4677
1.1378
0.6409
0.3719
1.1006
0.7023
1.0082
1.0216
0.506
0.5691
0.9774
1.0124
0.8364
1.0036
1.3362
0.6531
0.8619
1.1289
0.3939
0.6649
1.1023
0.9226
0.6293
1.0097
1.1614
1.3497
0.9452
1.1808
0.7798
1.2591
0.904
0.6732
0.6763
1.0099
1.0057
1.1376
0.547
0.6532
1.1396
1.084
1.403
1.0265
1.1731
0.5856
0.6095
1.293
1.3324
1.274
1.029
0.911
0.6258
1.5591
0.8896
1.1853
1.4315
0.8817
0.6555
0.8435
1.0659
0.99
1.4081
0.9723
0.9444
1.0188
0.7458
0.9892
1.0352
1.099
1.1951
0.9808
1.0155
0.7853
0.5677
0.926
0.8773
1.1539
0.5445
0.5505
1.1306
0.8542
1.0847
0.8392
0.5921
0.9013
1.1346
0.8731
0.7476
1.2204
1.1736
0.9123
0.7472
1.2491
0.8253
0.7951
0.8195
1.335
0.7552
0.6128
0.6114
0.6227
1.1091
0.6439
1.0235
1.4426
0.9995
1.1036
0.7323
0.7866
0.7617
0.7223
1.1894
1.2774
0.7812
0.5994
0.6251
0.8119
1.3876
1.1598
0.6968
1.0341
1.0305
1.321
1.0252
1.0879
1.1667
1.2264
0.8176
0.9753
1.1609
0.9046
0.8108
1.2492
1.3333
0.6733
1.1049
0.7521
0.5359
0.8925
1.0597
1.3344
0.8839
0.6263
0.6503
1.0518
0.7091
0.5692
0.6131
0.7404
0.7163
0.8947
1.12
0.7287
0.6193
0.8622
0.8468
0.8968
1.1001
1.1666
1.1837
1.0535
1.7737
0.4165
0.6227
1.0716
1.5303
1.1955
1.1178
0.8245
0.8903
0.5452
1.0257
1.0177
0.6157
1.5071
1.143
0.7972
0.8717
1.2185
0.5887
0.8037
1.0193
1.4554
0.9279
1.1271
0.382
0.7882
0.5448
0.8402
0.9637
1.4406
1.3654
1.0703
0.5917
1.0096
0.5722
1.5126
1.273
1.083
0.7235
1.3544
1.1358
1.6589
0.7016
0.4695
0.9974
0.8531
1.1492
1.1793
0.4634
0.7509
1.2579
1.051
0.7482
1.0052
0.9479
0.5417
1.244
1.6561
1.0172
0.5451
0.8943
1.2407
1.2642
0.8179
0.8039
1.4085
0.7653
1.3529
1.1044
1.6637
1.4813
1.0356
1.1716
1.0885
0.8227
0.7359
1.2168
1.2476
0.8293
0.9114
0.7191
1.2919
1.1637
0.8488
0.8846
1.3237
0.952
1.3227
0.9893
0.7901
1.0661
1.0298
0.7106
0.8997
0.6685
0.8496
1.3245
0.8354
0.8765
1.3721
1.6425
1.2542
1.152
1.55
1.261
0.7667
1.194
0.8207
0.719
0.96
0.9292
0.9892
1.3997
0.8623
0.7211
1.1293
1.3322
0.9772
1.0646
1.2022
1.147
1.3561
1.0978
1.2886
1.3703
1.5494
1.2124
1.1072
1.4672
0.5114
0.5017
1.2645
1.2628
0.8979
1.047
0.8536
1.1273
1.4439
1.023
1.2872
0.9882
1.4633
1.3054
1.6327
1.3314
1.1698
1.3656
1.1479
1.035
1.7618
0.9809
0.9738
2.2201
1.2212
1.9032
0.9057
1.1218
0.8421
1.3928
0.7708
1.0896
0.7562
0.7622
1.5561
1.0873
1.593
1.1191
0.9399
1.455
1.5522
0.6286
0.9117
1.5055
1.6519
1.3021
1.1842
1.3297
1.8296
1.0937
1.0194
1.6264
1.3159
0.8106
1.4031
1.7357
0.8274
1.086
1.1198
1.8386
0.8658
1.1724
1.7223
1.0749
1.2008
1.0173
0.9347
1.1365
1.706
1.0441
1.4995
0.925
1.6155
0.8784
1.5623
0.9526
1.0682
1.7852
0.5007
0.8751
0.8793
1.3271
1.0836
1.9723
0.9983
1.3441
1.278
1.3083
0.8255
0.6695
1.3793
1.2278
1.2303
1.2285
1.0157
0.7869
0.9834
0.828
0.9488
0.961
1.4874
1.1402
0.8884
0.8297
1.0432
1.4073
0.6679
1.1641
1.3059
1.4648
0.9587
1.04
0.918
1.4696
1.4018
1.0014
1.2092
0.8846
1.3645
0.7839
0.9286
1.7016
1.3369
0.7211
1.0485
0.6557
1.3831
1.209
1.5449
0.4746
1.3276
1.6886
1.5748
0.8322
0.8389
1.1269
1.3105
1.7635
1.2556
1.1691
0.9948
1.0227
0.7922
1.2376
0.8652
0.8588
1.1943
0.7212
1.3606
0.7208
0.4189
0.6808
1.1518
0.8736
0.929
0.6803
0.8167
0.8931
1.0858
0.9159
1.3023
1.5491
0.9878
1.2612
1.0899
0.7904
1.037
0.7146
1.2639
0.9164
0.9681
0.8259
1.5293
0.5529
1.6315
0.727
1.1163
0.6725
1.4636
0.8925
1.0273
1.3007
0.9086
1.0495
1.2557
0.806
1.2565
1.3209
0.9103
0.888
1.3551
1.304
0.5053
0.7075
0.6743
1.3773
1.2633
1.0624
0.4179
0.7746
1.0155
1.2037
1.0189
0.7726
0.4693
1.3932
0.6318
1.3725
0.9415
0.8002
1.4489
0.3766
0.9714
0.9586
1.367
0.9174
1.3063
0.6071
1.119
0.8708
1.3306
0.4166
0.8256
0.7246
0.7776
1.2176
0.8711
1.6954
0.8188
1.2819
0.6799
1.1613
1.1368
0.6593
1.2999
1.0026
1.4476
0.6083
1.1266
1.0902
1.1731
0.8555
1.1282
0.7976
1.1614
1.2966
0.9123
1.1616
2.143
1.1853
0.5822
1.259
1.1462
1.37
1.7356
1.2692
0.9653
1.1767
1.0653
1.4671
0.7525
1.3349
0.9316
0.6555
0.6434
1.2189
0.64
1.5648
1.0336
0.4565
0.6341
0.5493
0.8825
0.5419
1.3025
1.4412
1.1695
1.0907
1.0541
0.6584
0.853
0.9187
1.0975
0.8538
0.8776
1.3358
1.2341
0.8286
0.8658
0.7604
1.0146
0.5843
1.3095
0.657
0.9452
0.8461
0.4385
1.4971
1.1403
0.7801
0.8029
0.4778
1.2559
1.2957
0.9719
0.8023
1.0445
1.2888
0.8318
1.3368
1.3519
1.7559
1.8842
1.557
1.0313
1.4541
0.7555
1.3015
1.1647
0.7788
0.8374
0.744
0.837
0.9855
0.8125
0.4784
1.2498
1.2343
1.0939
1.1183
1.1363
0.7286
1.2465
1.218
0.7796
0.695
0.8123
0.719
0.7904
1.0032
1.0109
1.1782
1.1417
0.9618
0.8336
1.0913
1.0397
0.9439
0.9818
0.856
1.7297
0.9946
0.8673
0.7886
0.5913
1.5459
0.7726
0.8239
0.8712
1.3185
0.583
0.8726
0.8478
1.3358
1.0815
0.4552
0.7383
0.893
0.9886
1.2205
1.179
1.6623
0.6113
0.5115
1.3084
0.803
0.8035
1.256
1.2108
1.2739
0.7941
0.7902
1.2739
1.477
1.669
1.2144
0.7206
1.1918
1.0723
1.1009
1.0757
0.9199
0.5688
1.0531
0.6214
1.1377
0.9608
1.2091
0.824
0.5774
0.7477
1.0656
0.5565
0.6756
1.0724
0.6778
1.1037
0.7868
0.7897
0.8649
1.0101
0.7928
1.1198
1.3532
0.7653
1.3781
1.5136
0.8701
1.5749
0.8771
1.0008
0.6315
0.8249
0.8519
0.9752
0.6283
0.8104
0.8393
0.7894
1.0405
0.4998
0.6274
0.8831
0.5458
0.9511
0.6744
1.3187
0.9533
1.0946
0.95
0.5523
0.832
1.0553
0.8239
0.5858
0.5802
0.7648
0.4917
1.2313
0.5971
0.7349
0.4359
0.9609
1.3295
0.7958
1.3068
0.594
0.6837
0.7272
1.5138
1.0271
0.9253
0.8154
0.9704
0.7325
0.8482
0.7772
0.9187
1.1657
1.0353
0.6268
0.8551
0.8476
1.3016
0.9687
0.4487
0.7674
0.7872
0.7098
0.4672
1.1732
0.9954
0.6678
0.6841
0.604
0.8965
0.6271
1.2902
1.2142
1.2344
1.1402
0.6494
0.6121
0.4709
0.5901
0.8108
1.1734
1.2734
0.6079
0.9074
1.0491
0.8776
0.9845
1.3554
1.1236
0.9604
1.2611
1.2351
1.1943
0.7713
0.759
0.9853
1.2938
1.2051
0.9764
0.9878
0.6895
0.8625
0.7961
0.9379
0.6875
0.9986
0.587
0.7298
0.7288
1.2738
1.0256
1.1253
1.1083
1.2929
0.8781
0.9682
0.836
0.6388
0.6541
1.2022
0.9905
0.9181
0.666
1.1315
1.0598
0.6463
1.0106
1.325
0.9219
1.0024
1.0356
0.8162
0.9458
1.1461
0.7361
1.038
0.7207
1.1813
1.0006
1.3402
0.7845
1.0341
1.524
1.3728
0.8982
0.714
1.0964
0.667
0.8975
0.8437
1.0341
1.2441
0.7987
0.8072
0.8615
0.7928
1.1836
1.0669
0.9764
0.7194
0.7073
1.0929
0.7566
0.6554
0.53
1.2862
1.1771
1.1172
1.1037
1.1891
1.1021
0.7736
0.9712
1.1387
1.1969
1.2281
0.9869
1.0721
0.7785
0.8655
1.3148
0.4757
0.9588
1.0155
0.8728
0.7305
1.0802
1.0357
0.8119
1.2243
0.7355
1.1406
0.9197
1.0343
1.3713
1.3848
0.9946
1.6284
1.4504
0.7624
0.9483
0.7596
0.9799
1.56
1.1961
0.953
1.3999
0.8737
0.613
0.522
1.0705
1.1364
0.8577
1.1292
0.9341
0.9314
0.8113
1.7121
0.8123
1.097
1.0074
1.2802
1.0469
1.1529
1.4262
1.1229
1.2362
1.6371
1.4581
0.7112
0.9998
0.7085
0.6248
1.3583
0.7908
0.8717
0.8547
0.8834
1.5471
0.7928
1.3343
0.8958
1.1513
0.8041
0.7728
0.7123
1.1495
0.6507
1.061
1.2486
1.3177
0.587
1.2989
1.1545
0.4561
1.1033
0.4532
0.974
1.3373
0.9402
1.5662
0.7371
0.8106
1.1417
0.8607
1.1965
1.1255
0.5945
1.1653
0.9608
1.7534
0.7181
0.8741
1.745
1.2179
0.5315
0.9879
1.1385
1.2722
0.9539
1.322
0.6537
1.4188
1.1528
0.801
0.8078
1.301
0.6614
1.2683
1.1718
0.8698
0.9153
0.9245
1.1714
1.5207
1.0022
0.8303
1.0095
1.3265
0.6703
1.151
1.1831
0.6961
1.2116
1.155
0.7106
0.9965
1.5498
1.408
1.0541
1.1905
0.6247
0.7865
0.9817
1.6679
0.7047
1.4196
1.3117
0.7145
0.8825
0.7764
0.7298
1.1436
0.8968
1.1418
0.9649
0.9337
0.8608
0.9262
0.7832
0.6395
1.2191
1.4419
0.7288
1.1824
0.7726
1.3394
0.6615
1.3394
1.2226
1.4268
0.7132
1.1216
1.3551
1.5304
0.776
1.1144
0.5384
0.5653
1.6425
1.3648
1.2052
0.567
1.2085
1.4768
1.1514
1.214
1.207
1.0836
1.1949
0.9497
0.7431
1.1812
1.7919
1.1489
1.211
1.6804
1.7195
1.0449
1.2415
1.7005
1.4935
1.1919
1.0805
0.7342
0.6238
1.4681
1.0974
1.6742
1.1816
1.4529
1.0047
1.0595
1.4992
1.0294
0.8512
1.7172
1.0876
0.6313
0.9379
0.9242
0.7997
1.1977
0.5441
0.9361
1.1173
1.2309
1.2111
0.6975
1.2378
1.3127
0.8894
1.3094
0.97
1.4964
0.7793
0.6994
0.8514
0.5056
1.7104
1.4692
1.1176
0.7566
1.3091
0.7933
1.4311
1.5787
0.7486
0.5815
1.054
1.3373
0.8071
0.8076
1.7091
1.3967
0.5569
1.1191
0.9552
1.0572
0.9874
0.7898
0.9131
0.7166
0.8742
0.8251
0.9266
0.7979
0.7468
1.1022
1.2389
0.4943
1.0461
1.2669
0.9454
1.0698
1.1384
0.6961
0.9936
0.9444
0.7702
0.5489
0.8397
1.1041
0.516
0.6789
0.9773
0.6082
1.256
1.1917
0.5035
1.2699
1.1447
0.6138
0.9325
0.8432
0.7888
0.8777
0.8003
0.5883
0.9941
1.2643
0.4935
0.8851
1.32
1.0783
1.8359
1.7062
0.8809
1.079
1.4927
0.8624
1.0721
0.878
0.7604
1.2221
1.0165
0.8118
1.4945
0.8285
0.8626
0.9312
1.7823
1.0263
1.2726
0.7326
1.5556
1.0897
0.8316
1.218
1.5148
0.9699
0.871
0.6449
1.434
0.7301
0.829
0.6206
1.0811
1.3741
0.4491
0.8704
0.8122
1.259
0.6338
0.555
1.1544
1.0751
1.1211
0.7062
0.6725
1.4441
0.9958
1.4221
0.5529
0.8687
0.4105
0.4883
1.1489
0.852
0.7325
1.2777
0.6059
0.8016
0.9351
0.8772
0.9991
0.4697
0.4639
0.6145
0.8751
0.5876
0.9557
1.0345
0.8281
1.4935
0.9679
1.4161
1.3147
1.0276
1.1334
0.7016
1.0413
1.2077
0.5035
0.4203
1.2897
1.5059
0.5964
0.5394
0.9337
0.9955
0.8724
0.9346
1.0022
0.9058
1.1093
0.5767
1.524
1.3273
1.5227
1.0309
1.3107
1.1591
1.1408
0.9931
1.1103
1.2729
1.0235
0.9694
0.5262
1.2671
0.9132
0.9667
0.9767
0.5971
0.8661
0.6369
0.8225
0.5549
1.233
1.4987
0.9527
1.115
1.1684
1.0119
0.8296
1.0967
1.0697
0.6529
1.1509
1.4061
0.9788
1.2642
1.6316
0.4338
1.1218
1.2197
1.2067
0.6944
1.1275
1.1595
1.1316
0.8698
0.5396
0.9214
0.6002
0.9918
1.8562
0.7992
0.7795
1.4407
1.4285
1.1314
1.0538
0.7009
1.4818
1.092
0.9932
0.7015
1.3349
1.6015
1.612
1.0445
1.244
1.0773
1.2609
0.6763
0.9495
0.4907
1.2165
0.7319
0.7168
1.4841
1.6594
0.8097
0.9114
0.9462
1.0698
1.5854
1.059
0.9871
1.1467
0.9604
0.7448
1.1097
0.4383
0.9522
1.1643
0.5515
1.1052
1.7728
1.0722
1.2668
0.9712
0.8347
0.8842
0.9129
0.7243
1.2363
0.9663
2.0236
1.0373
1.5244
1.4467
1.1353
1.1578
1.3904
1.5472
1.09
0.9085
1.8566
0.7503
1.5598
1.2236
1.0721
0.7932
0.6998
1.4032
0.8892
1.475
0.8568
0.7324
1.3506
1.161
0.6023
1.1149
0.599
1.6271
1.7889
1.4705
0.7709
1.3197
0.977
1.4012
0.8245
1.0817
0.5844
1.422
0.915
0.8781
1.4874
1.1492
1.3268
1.2128
1.2275
0.8341
1.2096
1.5851
1.1206
1.0596
1.0497
0.8349
1.3671
1.5067
0.6643
1.1938
0.927
0.8996
1.1022
0.5693
1.0725
0.7955
0.7893
1.38
0.7436
0.5268
1.1134
0.6631
1.3837
0.5233
1.4793
1.1824
0.6001
1.1438
1.0408
0.824
0.8681
1.2851
1.2963
1.9216
1.1037
1.0991
1.6054
0.9694
1.4111
1.1912
0.7751
1.2405
0.9937
0.9019
1.142
1.4352
0.8357
1.4989
1.6776
1.023
0.9841
1.0964
1.0256
1.2687
1.0072
0.5183
0.7748
0.6788
1.3744
0.5885
0.8291
1.7863
0.6367
1.0628
1.247
1.779
1.6088
0.8519
1.6405
1.2783
1.004
0.7225
1.3579
1.1303
1.0216
1.1342
1.0216
1.137
1.0334
0.8444
1.5935
0.6249
1.1416
0.4852
1.0406
1.1559
0.8348
0.547
0.5169
1.0123
1.2898
0.8143
1.1367
0.7763
1.1754
1.5515
1.1695
1.3286
1.0822
1.1189
0.74
1.0909
0.7811
1.2531
0.908
1.1402
1.6926
0.9712
0.661
1.4819
0.8602
1.0302
0.5307
0.9908
1.1403
1.0236
1.0488
1.1984
1.3491
1.1523
1.3071
1.451
0.5491
1.3878
0.9172
1.2697
1.1532
0.6441
0.8263
1.7849
0.9864
1.0778
1.3744
0.933
1.5773
1.317
1.9035
1.0269
0.9287
2.2384
0.8871
1.0023
1.0528
1.5172
0.8635
0.9573
1.0906
0.8154
1.2679
0.6759
0.7505
1.0081
1.9591
0.778
1.1011
1.2858
1.1425
1.096
1.2033
1.8058
0.7555
1.2343
0.9609
1.2786
0.5096
1.2834
0.5629
1.2732
1.4134
0.7687
1.0466
0.8904
0.8617
0.6276
1.0219
1.1274
1.2808
1.3643
1.1583
0.8109
0.9883
0.8398
1.1926
1.5017
0.7866
0.7153
1.2872
0.9598
0.9656
1.6159
1.7099
1.0437
0.8173
0.683
1.1122
1.272
1.0409
0.6114
1.4768
1.1196
0.7287
0.9834
1.1345
0.9687
1.1464
1.352
0.9255
0.602
1.2158
1.0463
1.4554
1.2475
1.2009
1.0046
1.0324
1.2815
1.395
1.2889
1.0691
1.347
0.5742
1.322
0.883
1.0546
1.4312
1.0693
0.9738
0.7518
1.0989
1.4393
0.9533
1.0769
1.4041
1.0137
1.3983
0.6199
1.1015
0.8266
1.0511
1.0572
1.1239
0.7119
1.128
0.975
1.0489
0.8864
1.7224
1.0467
1.2945
1.5596
0.8442
0.6738
1.3369
1.0826
0.8479
1.3337
1.5084
1.3267
0.9186
1.5427
1.2213
0.7214
1.4287
0.5352
1.6081
1.7729
1.6742
1.5096
0.8466
0.6306
0.8418
0.8183
1.0371
1.256
1.0025
1.2843
1.3065
1.2371
1.052
0.6442
1.2749
1.9059
0.8632
0.8527
0.7018
0.9971
0.8754
0.6267
1.1477
0.8586
0.8176
0.5901
1.1844
0.8876
1.1249
0.9209
1.3839
0.8216
0.8025
1.2381
0.7918
1.0834
1.3483
0.9834
0.6966
1.6621
0.7718
0.7562
1.0235
1.6052
0.6399
1.0264
0.843
1.3879
0.8251
1.2875
0.8837
1.6775
1.1785
0.8745
1.5971
1.041
0.9196
1.0912
1.4596
0.9913
0.7758
1.1946
0.9913
1.1859
1.4203
0.6736
1.5768
0.7182
1.2034
1.0855
0.6851
1.1907
1.5243
0.856
0.7277
1.0648
0.7718
1.1659
1.1097
1.2515
1.0199
1.0882
1.0954
1.5194
1.3452
1.5031
0.7475
1.5797
1.2482
1.3903
1.7687
0.9758
1.0434
1.4848
1.206
0.5478
0.9381
1.2251
1.6402
0.8186
0.6745
1.3431
0.4027
1.1162
0.4427
0.5867
0.8849
0.644
1.3371
1.0639
1.6988
1.0971
1.435
1.114
1.5564
2.1248
0.9161
1.4338
1.1275
1.4266
1.5144
0.8567
0.7606
1.2948
0.6034
0.6638
0.7986
0.6837
1.086
1.4627
2.0058
0.8964
1.0223
1.8222
1.0727
1.5515
0.9875
1.7743
1.5436
0.9056
1.8335
1.3515
1.6248
1.3708
0.8422
1.3448
0.6606
1.1614
0.6411
1.7712
1.0392
0.7883
0.9419
1.1516
1.0677
0.7589
1.0968
0.7357
1.2966
1.5605
0.8152
1.3435
0.9343
1.683
1.6631
1.2358
0.9477
0.9462
0.9722
0.8084
1.1229
0.8526
1.1815
0.9982
1.1085
1.3224
1.4996
1.4313
1.0233
0.8262
1.1841
1.9653
1.7329
1.0828
1.7326
0.8887
1.4954
0.7807
0.9772
1.2815
0.5753
0.9065
1.0597
1.0161
0.844
1.6779
1.2159
1.279
1.0255
0.8531
0.592
0.873
1.2956
0.5367
0.6065
1.0605
1.1185
0.8273
1.5017
0.8148
1.2431
1.0588
0.8157
0.5342
1.0659
0.9069
1.0071
0.6549
1.0796
1.575
1.0732
1.5749
1.0948
0.9539
0.8832
1.2117
1.0918
0.5315
1.0213
1.2692
1.3011
0.7907
0.93
1.6094
1.0627
0.9229
1.3807
0.9991
1.0189
1.1052
0.5218
1.2057
0.97
0.9795
1.0148
0.8574
0.7155
0.9481
0.6632
1.4482
0.5858
0.8819
0.8143
0.7835
0.9125
1.1471
0.5922
0.7882
0.7216
0.7743
1.5909
1.3502
0.6403
1.138
0.7111
0.8914
0.98
0.9749
1.1757
0.9717
0.7968
0.6302
0.7743
1.1176
0.9595
0.9404
0.8223
1.3286
0.9383
0.655
0.7675
1.2611
1.3631
1.0944
0.8699
0.776
0.8875
1.2997
1.0693
1.3484
0.7683
0.7332
0.7607
0.7251
1.2325
1.3856
0.9544
1.0661
1.3513
0.9863
1.0309
1.1368
1.0522
1.8189
1.5822
1.2022
0.8344
0.9756
0.9073
1.4357
0.9605
1.1123
0.7728
1.2824
0.5297
1.1457
0.745
0.5845
1.0653
1.2308
1.4543
0.6763
0.9167
0.8189
1.1513
0.768
1.0163
0.7355
0.4306
1.1224
0.6994
1.2898
1.1775
1.0329
1.1865
1.4262
0.8636
1.0067
0.887
1.0091
0.8368
0.983
0.6677
0.6448
1.023
1.1525
1.5284
0.7174
1.0121
0.8854
1.592
0.8873
0.8487
1.45
1.349
0.9276
0.9271
0.8207
1.2223
1.1484
0.7138
1.2936
0.9073
1.1142
0.634
0.7093
0.4756
0.9458
0.7388
1.226
0.7647
0.9191
0.4889
0.8172
1.2074
1.0684
1.7118
0.7825
0.7311
1.1104
1.8365
0.8807
0.5973
0.7325
1.0585
1.1244
1.6308
1.1549
1.6119
1.1693
0.8405
0.7356
1.0626
0.6396
0.7938
0.7393
1.0198
0.6875
1.0642
1.0493
0.857
1.1523
1.0408
1.2617
0.8814
1.592
0.8865
0.8218
1.3484
1.2768
1.4173
1.1612
1.131
0.744
1.5083
1.1174
1.5632
0.9692
1.3259
1.5172
0.8204
0.9365
1.0348
1.4573
1.3385
1.0216
1.3945
0.787
1.4977
1.0824
1.3559
1.1282
1.0517
0.9915
1.0705
1.6883
1.0021
1.0272
0.9205
1.0417
1.0813
0.485
1.3926
1.4941
0.9814
0.7878
1.2671
1.0167
1.1247
1.3422
0.8627
1.2021
1.2013
0.8723
0.8645
0.859
0.6683
1.471
0.9088
0.6514
0.893
0.9679
1.3644
0.876
0.7005
0.6816
1.1016
0.8126
0.7005
0.6407
0.9095
1.1629
0.8456
1.3598
1.6096
1.0877
1.2433
1.3813
0.9922
1.0142
1.5816
0.8611
1.3476
1.4898
0.8754
0.9319
0.9254
1.203
0.93
0.6806
0.505
0.963
1.3327
0.7264
0.7842
0.994
0.9516
1.3503
0.9676
1.0923
0.8493
0.734
0.7638
1.1741
0.7594
1.1329
0.9178
0.5944
0.8522
1.283
1.4673
1.1872
1.1718
1.2095
1.1145
0.7283
1.2214
0.9182
1.5924
1.7672
1.2314
1.6768
1.2768
1.5514
1.4864
1.0093
1.2846
0.6456
1.1557
0.8069
1.3278
1.5961
1.2145
0.8887
0.9855
1.3063
0.8721
1.094
1.2988
1.0474
0.7546
0.5768
0.8897
0.7462
0.9267
1.3588
0.74
0.764
1.1104
0.7738
1.4032
0.6409
0.9593
1.1098
1.2371
1.3369
0.9454
1.4373
1.4472
1.0283
0.9725
1.4599
1.1028
0.8569
0.9437
1.5463
1.0449
0.8284
1.4137
0.8773
1.298
0.9896
1.5455
1.262
0.8828
0.7435
0.979
1.6465
0.8409
1.1198
0.5618
0.9738
1.4842
1.3089
1.3757
0.6063
1.7329
1.3963
0.7042
1.2013
0.7857
1.2155
0.9895
0.9746
1.0385
1.3472
1.1774
1.3234
0.8674
1.4753
1.3924
1.0444
1.2082
1.0078
1.5949
1.1697
1.5877
1.167
0.9556
1.3544
1.1434
0.7915
1.0303
0.5349
0.8757
1.2352
1.1243
0.8064
1.3837
1.1017
0.9302
1.3546
1.6369
1.6872
0.9032
0.8991
1.5118
1.4593
0.8442
1.0112
1.0191
1.0016
1.1724
0.7593
1.0216
1.2704
0.6076
1.1727
0.835
0.8135
1.5086
0.9495
1.0101
1.6954
1.2385
0.7031
1.0478
0.6664
0.7827
1.4464
1.2106
0.9156
0.707
0.7803
1.0799
1.4939
0.5362
1.1489
1.4275
1.3015
1.0364
0.6654
1.0589
0.8085
0.8675
1.0531
1.0284
0.6592
0.8966
1.5552
1.2771
0.6929
1.1798
1.2559
1.1112
1.3607
0.7631
1.1712
0.7385
1.2935
0.9481
0.9339
0.7414
1.1713
1.3371
1.5003
1.0686
1.4743
1.2333
1.4071
1.0997
1.4894
1.2952
1.1095
1.3486
0.957
1.4905
1.2149
0.9246
0.8809
0.7207
1.6087
1.1685
1.2258
1.4284
1.1648
1.5808
0.6867
1.1442
0.6487
0.9905
1.4173
0.7808
1.5793
0.8989
0.7403
1.1338
0.9511
0.8309
0.7181
1.1082
1.1582
1.0249
1.08
1.7427
0.9008
0.7392
1.5443
0.8325
1.2387
0.8425
0.7602
1.2894
0.7518
0.9434
1.3993
0.7548
1.3176
0.7238
0.8962
1.1292
1.1199
0.8509
0.6892
0.6729
1.165
0.6232
0.7962
0.7459
0.6293
0.9218
0.4924
0.6001
0.752
0.7421
0.6304
0.928
0.8837
1.2408
1.2242
0.4917
1.3971
1.021
1.3709
1.0484
1.3293
0.8056
1.0291
0.8166
1.0149
1.2921
1.237
1.1684
0.6145
0.621
1.5473
1.2476
0.5665
1.3896
1.0915
0.7993
1.0438
0.9459
0.6305
1.5333
0.8796
1.2912
0.509
1.3202
1.036
1.1188
1.4264
1.0092
0.7737
1.0584
1.2948
0.653
1.1529
0.609
0.8696
0.4797
0.863
1.3634
0.8663
0.5653
0.5882
0.7598
1.4142
1.3705
1.2153
1.1099
0.7686
0.9031
0.8951
1.018
0.8885
1.3162
1.2173
1.0184
0.9287
1.2711
1.3141
1.167
1.12
1.3611
1.3322
0.9806
0.6923
1.3163
0.9859
0.8073
1.5136
1.6314
1.5237
1.0078
1.1554
0.7824
0.7251
0.9891
0.7656
0.5735
1.4774
1.0883
1.0559
1.1423
1.1399
0.7558
1.3635
0.9568
1.4521
0.8609
0.9823
0.8457
1.1494
0.5719
0.6232
0.9855
1.9129
0.8191
1.062
0.8687
1.6864
1.5287
0.9332
1.2477
0.7879
0.6098
0.994
0.8792
0.7052
1.3706
1.1871
0.8984
1.2635
1.4253
0.5386
1.017
1.3233
1.3884
0.7098
0.5417
0.9714
1.5255
1.0884
1.0051
1.1671
0.9432
0.8581
1.0205
0.7601
1.1824
0.9388
1.1512
0.9745
1.2049
1.0895
1.3202
0.6263
0.94
1.1854
1.2181
1.0224
1.0363
0.8566
1.4907
1.3653
1.2242
0.8486
1.3021
0.8438
1.2756
0.7877
1.3476
1.8906
1.0264
1.5147
1.4507
0.9858
0.7375
1.4131
1.1386
1.2672
1.0011
1.1594
1.0032
0.9397
1.1147
1.5596
1.0802
1.2989
0.7075
0.9801
1.2337
1.2125
1.6985
1.0526
1.8316
1.4346
1.085
1.1508
1.589
0.9563
1.0759
0.9421
1.4236
1.2166
0.9455
1.9854
1.4378
1.382
1.5647
0.8676
1.559
1.3493
1.2825
0.796
1.9223
0.8348
1.1343
1.5806
1.5714
1.7006
1.4603
1.6876
1.5861
1.1867
0.8332
1.5283
0.6196
1.0997
0.7351
1.2322
1.0276
1.1448
1.3426
1.1165
0.8793
0.8977
1.2332
1.446
0.5731
0.8359
1.2667
1.2011
0.7684
1.307
0.8907
1.1851
0.8484
1.5584
1.344
0.8702
1.2417
1.1704
1.085
0.9702
1.0476
0.6611
0.9397
1.3434
0.8051
0.8006
1.2604
0.9464
0.8393
1.1575
1.4565
1.187
1.0893
0.897
1.0187
0.7987
0.9094
1.0513
1.4785
0.7374
1.0963
0.9607
0.6289
0.8381
1.1586
1.4219
0.8247
1.6684
0.4727
0.9503
0.7097
1.0444
0.493
0.6865
0.6979
1.482
1.2374
0.9235
1.0795
1.4604
0.8512
0.6622
0.7973
0.7094
1.4431
1.505
0.8356
0.8303
0.8667
1.111
0.8873
1.2857
1.1179
1.1107
1.0017
1.0864
0.7319
0.6824
0.9764
1.5249
0.69
0.8487
1.2118
0.9067
1.3572
0.7635
1.3036
1.5136
1.2127
0.5147
1.0932
1.5879
0.776
0.7865
1.2013
1.1639
1.1287
1.0071
0.9582
1.2545
1.0146
0.8388
1.2011
1.3373
1.5957
0.9954
0.6194
1.0094
1.086
0.6664
1.7682
0.8803
1.1024
1.2938
0.7911
0.9582
1.1576
1.1706
1.1593
1.1286
0.9263
0.759
0.4407
1.0573
0.8957
1.3439
1.0289
1.0169
1.3808
0.946
0.8467
0.8681
1.2131
0.7682
0.6324
1.5322
0.8655
0.6093
1.0993
0.8164
1.0199
0.9919
1.24
0.8245
0.76
0.7577
1.2503
1.1545
1.3041
1.0323
1.1432
0.497
1.0357
0.8116
0.977
1.2832
0.964
0.8191
0.4715
0.6364
0.9603
0.7775
0.7738
1.103
0.6598
0.9866
0.815
0.8968
1.0962
0.8061
0.6156
1.1974
0.8152
0.4911
1.095
1.3066
1.2512
1.0336
0.6694
0.8489
1.2419
0.7342
1.2115
1.2893
1.0626
1.3428
0.9378
0.8002
1.0534
1.1874
1.3087
0.9448
0.8675
0.9467
0.824
0.73
1.3538
0.9943
1.2441
1.0724
0.9145
0.9214
1.2861
0.9469
1.3456
0.8872
0.7847
1.1062
1.1594
0.6458
0.8734
0.6803
1.0623
0.9253
0.8372
0.7267
0.607
0.8213
0.7041
0.803
0.6264
1.4167
0.8828
0.7974
1.4239
0.7377
0.7206
1.29
1.0036
0.9194
0.9462
0.9977
0.8394
1.3651
1.0073
0.5229
1.203
0.9298
1.2006
0.8022
0.9911
0.6507
1.0141
0.8246
0.8129
1.1844
0.5873
1.0402
1.0459
0.4408
1.273
1.2672
0.6047
1.3077
1.5809
0.8789
1.7115
1.0435
1.5293
0.7064
0.8258
1.7973
1.1634
1.5877
0.946
1.0022
0.5763
0.5261
0.9942
1.1844
1.5122
0.929
0.4713
1.0123
1.6864
1.4922
1.3522
1.4014
1.4095
1.1153
0.838
1.1759
0.4519
0.9946
1.4649
1.1979
0.8739
0.6566
0.779
1.3356
1.1056
0.9709
1.4499
0.7841
0.9817
1.1909
0.7016
1.2064
1.5888
1.4117
0.9846
1.1499
0.9547
1.3011
1.3948
1.083
1.205
0.9305
0.7628
0.9702
1.1107
1.6108
1.5455
1.0906
1.2939
0.9415
0.934
0.9483
0.7336
0.8326
1.1107
0.5674
1.4539
0.9494
0.9015
1.2986
0.5656
1.139
1.5387
0.8903
0.7734
1.1329
1.3778
1.0896
1.1899
1.257
0.9901
0.968
0.945
1.112
1.0069
1.5258
0.904
0.809
1.4033
1.0811
0.7958
0.4775
0.8491
0.6426
1.1206
0.7329
0.4728
1.022
0.9615
1.2175
1.2932
1.1997
1.119
0.4777
1.155
0.6336
0.7152
0.9981
1.297
1.3144
0.9801
0.681
1.1547
1.1126
0.9093
1.3469
1.1832
0.9918
1.031
0.9244
0.4401
0.6678
0.8039
0.4551
0.6826
0.6449
1.0721
0.8523
1.3983
1.3266
1.2107
1.3173
1.4776
1.4948
0.6829
1.0083
1.0705
0.93
0.9514
1.4169
0.8773
0.791
0.7231
1.1816
0.826
1.0316
0.7848
0.5504
1.2906
1.1394
0.7849
1.0352
0.934
1.2832
0.5652
0.9498
1.5942
1.3448
0.9089
0.6194
0.9958
1.1798
0.8085
0.8143
0.8173
0.6983
0.8912
0.9149
1.608
1.1685
1.5979
1.244
1.0255
1.1903
0.9647
1.1156
0.67
0.5915
1.4093
1.032
0.6789
1.1537
1.0248
0.6923
1.0778
1.3728
0.4915
1.1922
0.7966
0.9281
1.0578
1.0661
0.9234
0.5007
1.5993
0.7651
0.9945
0.7772
1.0612
1.3574
0.8998
1.4751
0.7681
0.7908
0.8897
0.6855
0.91
1.0906
1.2145
0.8845
1.3396
1.1192
0.4903
0.9159
0.9181
0.9957
0.4789
1.4242
0.7281
0.8783
0.5917
0.7059
0.4855
1.3164
0.8784
1.0587
1.0761
0.6193
0.8697
1.2036
1.5868
1.0555
1.2847
1.2843
0.7613
0.9488
0.8243
0.6219
1.0377
0.8684
1.3296
1.0238
0.8896
1.0094
0.8815
1.0168
0.7022
1.2266
0.7693
0.7696
0.4691
0.6939
1.4364
1.1311
1.4499
1.4118
0.7798
1.0401
1.3989
1.5307
1.1178
0.9065
1.2354
0.9305
1.357
1.4205
0.8128
0.8477
0.8042
1.177
1.0052
1.0645
0.8679
1.3544
1.3946
1.236
0.9108
1.5829
1.1273
0.7486
0.6502
0.9097
1.1409
1.3351
0.5916
0.8287
1.116
0.5652
1.3152
1.7741
1.4218
0.8685
1.3622
0.6789
0.771
1.5272
0.5844
0.7406
0.8468
0.8557
1.737
1.0671
0.751
0.821
1.0359
0.6165
1.4192
0.8626
0.9542
0.6616
1.5839
1.5769
0.8101
0.8722
1.1318
0.6936
0.6361
0.907
0.6811
0.7294
0.8978
0.5362
0.8331
0.8908
0.8278
0.8127
0.3958
1.6886
0.4881
1.1644
1.3284
1.0018
1.2243
1.2641
0.9036
0.6154
0.998
0.9471
1.2206
1.1237
0.5952
0.7953
0.7318
1.0859
1.2686
0.7842
0.7936
1.0019
0.6817
1.5114
1.0739
1.286
1.0486
1.0556
0.9948
0.8041
1.3226
0.7943
0.7385
0.5097
1.0867
1.3921
0.9934
1.6532
1.0763
1.8616
1.3073
1.3071
1.3203
1.0729
0.8612
1.0062
0.9156
1.276
0.9655
0.8488
1.2007
0.9188
1.1026
0.9122
0.9695
1.0201
1.432
1.7871
1.8282
1.278
1.2507
0.6639
0.6347
1.4731
0.6278
0.8834
1.1554
1.3202
1.3018
1.3055
1.2452
0.6649
1.0387
1.4395
1.6009
1.0758
1.1572
0.9568
1.0928
0.5013
0.9077
1.7004
1.2495
1.0192
1.2976
1.0197
0.8065
0.9359
0.6714
0.9979
0.3861
0.633
0.5428
1.2958
0.8253
0.8873
1.2682
1.4542
0.7741
0.745
1.1783
0.8582
0.7113
1.5464
1.7624
0.3962
0.9518
0.712
0.7652
1.0071
1.4463
0.7554
1.2376
1.5188
0.6173
0.5069
0.7808
0.9923
0.7497
0.5015
0.7845
0.5928
0.5751
1.1322
0.7085
1.2999
0.6921
0.9602
1.1741
0.7612
0.6773
0.934
1.0304
0.7194
0.8151
0.61
1.1614
0.6691
1.1538
1.051
0.6645
0.8414
1.2106
0.7018
1.0112
0.927
0.6112
0.6748
1.3395
0.8033
0.7177
1.5966
1.239
1.4154
0.7707
1.1658
0.6185
0.5626
0.9825
0.6663
1.1675
0.7153
1.0185
0.6015
1.0938
0.8954
1.5403
0.8193
0.6618
1.1223
0.9262
1.0044
0.6161
1.2221
0.7851
1.2608
1.4831
0.588
0.9007
1.3341
0.9756
0.6452
1.0307
0.9496
0.9714
0.6228
0.7898
1.2311
0.714
0.8342
0.8601
1.3349
0.5331
0.7128
0.9648
1.0182
0.9064
1.2459
0.8147
0.935
0.6049
0.8122
1.0416
0.7503
0.7219
0.8044
0.7312
0.8814
1.0567
0.9798
0.8726
0.6978
1.5279
1.1966
1.0326
1.3203
0.8268
1.1702
1.5369
1.1943
0.5452
1.0643
0.5513
1.2454
1.7452
1.2811
1.4062
0.6954
0.8619
1.0561
1.1215
1.6068
0.6751
0.6795
1.149
1.4948
0.6116
0.9293
1.5587
0.7048
1.252
0.9767
0.6077
0.805
0.9096
0.9644
1.0753
0.4978
0.7753
0.7174
0.8625
0.7894
0.6211
0.5175
0.8799
1.1077
0.6566
1.3709
1.0138
0.6554
0.9703
0.8715
0.9413
0.9085
0.9505
0.8581
0.9468
0.8853
1.0546
0.5732
1.0023
1.3113
0.8145
1.036
0.3597
0.8981
0.6918
0.5366
0.7771
1.2148
0.7096
1.0629
1.1472
1.0002
1.3846
1.1763
1.211
0.6571
1.1603
0.6262
0.6714
0.7202
1.4774
0.9184
1.1686
0.8342
0.8464
0.5129
0.5389
1.0743
0.9765
1.2408
1.1444
0.4139
0.6763
0.8082
0.9518
0.8987
0.8961
1.2413
0.9206
1.0034
0.9589
1.652
0.8428
0.6311
0.5255
0.5789
0.8648
0.9525
1.6143
1.209
0.8436
1.0347
1.1115
0.7736
1.0961
0.9607
1.2588
0.3937
0.761
0.5403
1.056
1.2852
0.9755
1.0947
0.8124
1.0929
1.033
0.9645
1.0005
0.8527
0.6115
0.9864
0.8925
0.5843
0.7024
1.0346
1.1439
0.9899
1.139
0.7096
0.6368
0.6717
0.8506
1.2051
1.3964
1.2406
0.9002
1.1584
1.0406
1.0842
0.6797
1.3799
0.8083
0.8981
0.6911
1.6075
0.6398
0.723
0.7638
0.9594
0.9386
1.2003
0.8784
0.8724
1.2959
1.5745
1.1029
1.1455
1.1826
0.6561
1.1532
0.6408
0.7037
1.0971
1.545
0.7809
1.0937
1.5799
1.148
0.4496
0.8774
1.075
1.2803
0.96
0.5863
0.8873
0.4919
0.8036
0.8445
0.9277
1.0372
0.6625
0.5717
0.7922
0.7733
1.4733
1.4516
1.6679
1.1524
1.6271
0.7838
1.0838
1.3415
0.8153
1.2354
1.0404
1.4422
1.3675
0.7645
0.8375
1.1755
1.096
0.6929
0.6177
1.0774
0.9796
1.5503
1.3201
1.1365
1.3448
0.8193
1.1253
0.5682
0.7485
1.439
0.6002
0.5994
1.3018
0.4483
0.9368
1.0218
1.7385
1.7681
0.7839
1.0471
0.9564
0.8716
0.5407
1.2115
1.2487
0.9437
0.9974
0.6946
0.6254
1.1414
0.808
0.6041
1.0627
1.4015
1.0845
0.6085
0.6995
0.9678
1.3612
1.267
0.7913
0.9433
1.0375
1.6593
0.7882
0.76
1.2202
1.4148
0.4527
0.4147
0.5755
0.5395
0.6907
0.7838
0.6725
0.6921
1.3076
0.5257
0.6295
0.544
0.7478
0.6907
0.8392
1.1694
0.8669
1.1456
0.868
0.7403
1.1823
0.4899
1.0643
0.8529
0.7073
1.2336
0.9099
0.7946
0.46
0.525
1.0702
0.8564
0.8932
0.9853
0.7738
0.713
0.4523
0.526
1.2641
0.9108
1.2919
1.1971
0.9827
1.4913
1.2501
1.0091
0.8465
1.2839
0.5731
0.7572
1.2234
0.8424
1.5712
1.2071
0.9835
0.591
1.4344
0.6197
1.417
0.9351
1.7069
1.1494
0.8555
0.9183
0.8365
1.2436
1.0315
1.21
0.7494
1.2735
0.948
1.4043
1.0282
0.6501
0.7998
0.9028
0.7193
1.0183
0.7105
0.8921
1.8059
1.0798
1.2123
1.2226
1.0113
1.0023
0.6926
1.132
0.8121
0.9992
0.9113
0.896
1.242
0.8515
1.0545
1.1986
0.6783
1.083
0.5867
0.9434
0.7554
0.6537
0.5357
0.7845
1.0811
0.4379
1.65
1.2809
0.6777
0.8806
0.5675
0.7457
0.8208
0.4864
0.9445
0.5425
1.0771
0.8584
0.8857
0.9022
1.1989
1.4928
0.7457
1.0491
1.1472
0.7439
1.0768
1.3316
0.9966
1.0071
1.3882
0.7389
1.0836
0.8932
0.9068
0.7102
0.9014
0.6711
1.0452
0.8694
0.8406
1.0631
0.9896
1.0204
1.1
1.2783
1.2201
1.0197
0.6616
0.8388
0.9928
0.9587
0.4496
0.6727
0.9282
0.4931
1.6217
1.2632
1.2796
0.7813
0.8718
0.8208
0.8213
1.1706
0.83
0.6459
1.3523
0.7851
0.8115
0.7758
0.8729
0.9467
0.8916
0.5326
0.7363
0.8555
1.3136
1.2407
1.0908
1.3107
1.0364
0.7311
0.8557
0.9085
1.0673
1.0961
1.0901
1.2302
1.2442
1.129
1.5763
1.0279
0.9813
0.6176
1.6075
1.0834
1.0857
0.6301
1.0134
0.9222
1.1879
1.5632
0.7486
1.3712
1.1346
1.0943
0.8152
1.1057
1.4979
0.9918
1.3167
0.9153
1.285
0.6787
1.3694
1.3475
0.7666
0.814
0.6868
1.2762
0.9313
1.5431
1.1104
0.9565
0.562
1.0287
0.6557
0.4167
0.7976
0.7121
0.6094
0.7417
1.2048
1.0004
0.5679
0.9127
0.9798
1.0891
1.1157
0.5439
0.5
0.5704
1.2701
0.4277
1.4083
1.0666
0.508
1.3251
0.6162
0.8366
1.0325
0.6707
0.8414
1.0567
0.7113
0.539
0.6422
1.1587
0.6931
1.135
0.8732
1.0888
0.9993
0.5134
1.1716
0.543
0.9589
1.2464
1.1832
0.7857
0.574
0.9928
0.8722
1.2977
1.2641
1.1037
0.7847
0.5742
0.8564
0.7523
0.9173
1.1115
0.7583
0.8446
1.0997
0.7249
0.9193
1.1495
1.0824
0.8678
1.079
0.4804
0.6798
1.5986
0.6995
0.6321
0.7945
1.3917
1.1217
1.2697
1.3726
1.1478
1.1546
0.7629
1.0842
0.5257
0.6807
0.4319
0.7572
1.1972
0.9639
0.5492
0.8057
0.4236
0.6999
0.5002
0.9785
0.854
1.2277
0.8806
0.8408
1.0692
0.8559
1.3031
0.6707
1.1593
1.075
1.2603
1.0219
1.1004
0.7043
1.2118
0.7555
0.8626
1.2847
0.809
1.5477
1.1721
1.1635
1.267
1.0426
0.7893
0.9246
1.2657
1.6093
0.6166
0.7283
1.2644
1.213
1.0009
0.7532
1.0265
0.7783
0.9978
1.3269
0.9052
1.1468
0.9703
0.6644
0.8839
1.0333
0.5332
1.3074
0.5432
0.756
0.6662
0.7248
1.3241
0.557
1.4427
0.817
1.3797
0.6648
1.31
0.56
0.8672
0.6695
1.1819
1.1201
0.9617
1.3191
1.1916
1.0035
0.8384
0.9749
0.4017
0.8764
0.9928
0.6769
0.7287
0.6729
0.8413
0.8218
0.9488
1.0451
0.9754
0.5671
0.6926
1.2207
0.5068
0.9788
1.521
0.5848
0.8403
0.822
1.1746
1.5041
1.415
0.6821
0.6384
0.6551
0.9179
0.7011
0.7067
0.5935
0.6729
1.1701
1.3261
0.8472
1.4082
0.9054
0.5203
0.9547
0.7789
0.8087
0.7617
0.9376
1.0071
0.9727
0.8548
0.5765
1.1127
1.1984
1.045
1.4229
0.8
0.5003
1.3964
0.6953
0.8791
1.0663
1.3478
1.0182
0.9625
1.3175
1.0568
0.6701
0.727
0.8503
1.4304
1.429
0.7987
0.5443
0.9906
0.8165
1.7289
0.626
1.2503
0.8466
0.9499
1.4852
0.7441
0.9949
1.2579
1.0115
0.8241
0.8363
1.1758
1.1704
1.3504
0.8735
1.2489
0.8419
1.4668
0.6597
1.0864
0.7631
1.1224
0.7183
1.1097
0.7747
1.1829
0.6776
1.0025
1.5205
0.9998
0.9991
0.8509
1.2205
0.7161
1.2181
1.3429
0.6511
0.7534
1.0117
1.0244
0.916
1.3783
0.6187
1.4202
0.9088
0.6701
0.9209
1.375
0.4924
0.8326
1.2636
1.1215
0.9904
0.9362
1.199
1.3235
1.0978
0.8873
1.4578
1.3402
0.4068
0.5719
0.9015
1.3357
0.9957
1.0281
0.5687
0.7919
1.3933
0.6522
0.521
1.2548
0.7717
1.1865
0.7806
1.2313
1.1948
0.4785
0.7899
1.044
1.003
0.9781
0.7573
1.1094
1.4755
0.9508
0.4567
0.3727
1.4144
0.6492
0.5362
1.0541
1.1974
1.375
0.7452
0.6692
0.74
0.7562
1.3429
0.693
1.2285
1.2411
0.8724
1.0595
1.157
0.7835
1.003
1.0504
1.3458
0.6742
0.6348
0.615
1.6469
0.9175
0.696
1.0868
1.0426
1.6445
1.6339
1.1454
0.6846
0.9251
0.5453
0.8386
1.3708
1.5881
1.1612
0.5887
1.1733
1.3578
1.2578
0.8722
1.4266
0.8578
1.3033
0.9917
1.2389
0.7332
1.1107
0.8552
0.6818
1.1461
1.1799
1.24
0.5626
0.9942
0.8426
1.1477
0.7922
1.1107
1.3976
0.7358
0.7856
1.0616
1.257
1.0004
1.0757
0.7628
1.3172
1.4372
0.9173
0.9042
1.3937
1.2821
1.4302
0.9362
1.2274
1.1064
0.693
1.4235
1.0266
1.157
0.9301
0.7613
1.0544
0.8588
1.4092
1.0956
0.5215
1.0311
0.9474
1.0913
0.9007
1.2138
0.9879
0.9596
1.4267
0.79
0.7265
1.2164
0.668
1.0078
0.5799
0.5485
0.6715
0.632
0.9779
0.5896
1.2105
1.0209
0.9177
1.3297
0.6536
1.0235
1.0498
1.096
1.7794
0.8851
0.9825
1.0479
1.3268
0.3984
1.0011
1.3027
1.1662
1.0223
0.8461
1.0779
0.8032
1.2676
1.0148
1.1059
0.7535
0.9565
0.9098
1.1578
1.3074
1.455
1.0208
0.9357
1.1119
1.8193
1.0977
0.6275
0.6845
0.9751
1.1951
0.7838
1.179
0.8673
1.4168
1.3025
1.142
1.3584
1.6902
0.8618
1.209
1.5711
0.7252
1.4504
0.9049
1.6504
0.7907
0.7228
0.6482
1.1072
1.0599
1.3102
1.3427
1.0951
0.7378
1.0397
1.4188
0.9099
1.2131
1.3141
1.1916
0.6017
0.7342
0.7458
0.949
1.3024
1.5229
0.6206
0.5992
0.9928
0.7178
1.0065
1.3646
0.479
1.5443
0.5856
0.5213
0.6954
0.6737
0.9263
1.2483
1.4673
1.1934
1.3992
0.9643
0.9796
0.8366
1.355
0.9087
0.8778
1.0873
0.7209
1.137
0.9241
1.0955
1.3537
0.7769
1.2247
1.175
1.1779
1.0731
1.0765
0.8861
1.3612
1.2054
0.5754
0.5721
0.5914
1.0549
1.1645
1.2567
1.2309
0.9581
1.0418
0.7465
0.5363
0.6906
1.3672
0.5093
0.989
0.8165
0.8947
0.9897
0.9893
1.4562
0.8112
1.3056
1.289
0.8685
1.0371
0.6274
0.7402
1.4783
1.2963
1.1657
0.7812
1.2086
1.4508
1.0744
0.8145
1.064
0.9041
0.6009
1.4245
0.4891
1.0208
1.5849
1.6178
1.5381
1.6138
0.6564
1.5062
1.2115
1.1518
0.8717
1.254
0.96
1.2153
1.2008
0.946
1.9518
0.6063
1.0598
0.7921
0.7592
1.2062
1.2539
0.867
0.7107
1.0447
1.4847
0.9608
0.8535
1.293
1.0023
0.7681
0.8762
0.8253
0.473
0.8608
0.7597
0.6222
0.9687
1.6811
0.8684
0.6928
0.8216
0.7956
1.2522
0.609
1.1528
0.9755
0.8343
0.8694
0.9516
0.6685
0.6111
0.8024
1.2431
0.7823
0.8238
0.7089
0.8683
0.4935
1.5046
0.4987
1.297
0.6378
0.7364
0.8953
0.7437
1.1883
0.6648
0.8482
0.7778
0.9168
0.6578
0.7558
1.0259
1.2945
1.0545
0.5019
1.3508
0.725
0.5337
1.1676
1.2808
1.0641
0.8166
0.707
0.6989
1.1435
1.0475
0.8944
0.7876
1.6403
0.9757
0.8001
0.8993
1.0108
0.9719
1.1825
0.5227
0.8923
1.0254
0.832
1.1693
1.4622
1.0699
0.7827
0.7973
1.024
0.5994
1.3618
0.9937
1.1081
0.6863
1.559
1.1178
0.8079
0.9152
1.242
0.6275
0.6416
0.6486
1.3051
1.6771
1.2338
0.8349
1.4425
0.7882
1.0429
1.0765
0.4699
0.7318
0.8496
0.9486
0.8557
0.8822
1.3384
1.1433
1.3986
0.979
0.9729
0.4676
0.9912
0.8719
1.6319
1.5413
0.6708
1.0938
0.5966
0.9346
0.5948
0.9957
1.2839
0.5191
1.1801
0.7827
0.8017
1.1848
0.8864
1.0861
0.9288
1.4563
0.9953
1.4954
1.0692
1.3415
0.5309
0.6739
0.7201
0.6191
1.3485
0.7932
1.0801
0.9734
0.7263
0.8619
1.0071
0.8934
1.2798
1.1891
0.5487
0.7369
0.9321
1.321
0.6036
1.3247
0.8693
0.6915
1.3061
0.8203
0.9992
0.6678
0.8027
1.1
1.3978
0.9889
1.1264
1.3444
0.6311
0.9611
0.8531
0.7538
0.6345
1.3513
0.4292
0.4784
0.4538
0.7984
0.7665
1.2108
1.1463
1.4795
1.0013
1.1822
0.4994
0.6848
1.0318
0.7765
1.1502
1.257
0.9708
1.0472
1.0049
0.4328
0.8246
0.6666
1.4206
1.1277
0.8685
1.0222
1.4495
0.4285
1.0785
1.0104
0.6105
0.609
1.2409
1.2145
0.9301
0.8956
0.9097
1.0248
1.2146
1.2179
1.0417
1.0127
1.3342
1.2756
0.4466
1.3625
1.003
0.8778
0.7464
0.3879
0.9154
0.7352
0.9035
0.6779
0.7768
0.7031
0.7495
0.7185
0.6824
1.6586
0.6989
1.1821
0.7248
0.9449
0.7808
0.9505
1.051
0.9447
0.7337
1.2735
0.7454
0.9567
0.6535
0.8588
0.5126
0.5222
0.691
0.4121
1.039
1.5658
1.2416
0.5834
0.8041
0.8509
0.5459
1.5082
0.5727
0.7365
0.678
0.6416
0.8327
0.8614
1.1469
1.0991
0.8842
1.0555
0.7621
0.9413
0.4675
0.8469
0.7042
1.132
0.4514
0.72
0.9309
0.7579
0.48
0.6393
0.7278
1.0851
0.6822
0.4395
0.5459
1.2192
0.8696
1.1793
0.734
0.802
0.7305
1.4795
0.695
0.8804
0.4592
0.5459
0.6344
0.5608
1.2315
0.6527
0.7809
1.2566
0.6356
0.6235
1.039
0.922
0.9707
1.8924
0.9273
1.4952
1.0234
0.8009
0.8996
1.3804
0.6247
0.4008
1.2633
0.9441
0.9729
0.6281
1.0077
0.6501
0.878
1.3488
0.6505
0.9382
1.4752
0.4728
0.6124
0.9429
1.3859
1.1216
1.3939
1.1041
1.1532
0.9922
0.4162
0.8603
0.6115
0.6519
1.1762
1.2761
1.5948
1.413
0.9829
0.6084
0.8347
1.1281
1.2047
0.7637
0.8372
0.5528
1.2902
1.2798
1.0026
0.5448
0.9331
0.5564
1.0173
0.9949
1.0467
0.8682
0.9408
0.9315
1.2175
1.2448
1.1377
1.5634
1.1434
1.0311
1.052
1.1848
0.859
0.9711
1.6877
1.2942
1.3317
0.9021
0.7817
0.9284
1.2848
0.9702
1.3989
1.566
0.9257
0.9479
1.0338
1.3362
1.5391
1.0192
1.067
1.0174
1.0222
0.7278
0.7326
0.904
0.8526
0.8229
1.2019
1.3984
0.5877
0.8204
1.1844
1.1465
1.0175
0.5081
1.2062
1.052
0.629
0.7798
0.9682
1.2141
1.0536
0.9892
0.5684
0.9557
0.97
1.2563
1.0714
1.2287
0.9805
0.7317
1.2048
1.0492
0.917
0.9272
0.6807
0.7984
0.8956
0.9493
1.6022
1.1194
1.1807
0.8591
1.4226
1.4282
0.8057
0.6682
0.6324
1.3776
1.5901
1.0766
0.7554
1.4119
1.3127
0.692
0.7804
1.1684
0.5087
0.5193
0.7119
0.4567
0.8151
0.5293
0.8852
1.166
0.9258
0.4346
0.6087
0.8293
0.8502
0.8014
0.8845
1.1159
0.83
1.0394
0.6773
1.3509
1.3687
1.3952
0.9705
0.557
1.2503
0.9941
1.0547
1.32
0.7805
1.3366
1.4913
1.0077
1.6359
0.5205
0.6679
0.7605
0.9661
0.8086
0.9573
1.4992
1.4214
0.8714
1.0768
1.0801
1.4982
0.9941
0.6336
1.3053
1.3436
1.4852
1.2643
1.2617
1.0424
0.8748
0.6078
0.859
0.8905
0.7055
0.4755
0.8905
0.985
1.528
1.2299
0.6794
0.5966
1.4584
0.9237
1.3393
1.1494
0.6636
0.6831
0.8121
0.7246
0.8836
0.8259
1.045
1.0584
0.9373
1.0597
1.3062
0.8827
0.6236
0.9665
0.4557
0.7126
1.0033
1.192
0.5854
0.9056
1.1706
0.7126
1.0418
0.5902
1.1847
0.7949
0.483
1.2884
1.0434
1.1158
0.9081
0.6432
1.7327
1.3518
1.0903
1.1068
1.4198
0.6104
0.7818
1.1822
1.1805
0.6938
0.4435
1.0538
0.8925
1.3262
1.4333
0.9808
0.9482
0.7178
0.8275
0.7324
0.6383
0.8581
0.7944
1.5394
1.0233
1.6994
0.9606
1.2404
1.3009
1.0916
1.1438
0.8239
1.2677
1.0243
0.8333
1.1495
0.9249
1.26
0.9743
0.8507
0.8101
1.0055
0.6068
1.4355
1.013
0.8368
0.9162
0.5583
0.7711
0.9271
1.1395
0.7595
1.1467
1.1146
0.7605
0.5461
0.6304
1.5978
1.22
0.3742
0.545
1.0526
0.9243
0.9801
1.3121
0.701
1.2229
0.9003
0.6356
1.0582
0.7979
1.1469
0.9916
0.775
0.7741
0.4987
1.7333
0.7478
1.2132
1.4714
0.8326
1.153
1.0609
1.0688
0.8898
1.221
1.0471
0.912
0.8734
0.8811
0.8734
0.8205
0.5453
1.4478
1.6249
0.9639
0.7247
0.7464
1.1188
1.073
0.541
0.6476
0.8883
0.8938
1.0565
1.0351
0.6851
0.8067
0.8982
0.8383
0.9303
0.6693
0.8734
1.2494
0.7712
0.5923
1.0078
1.0389
1.4151
1.116
0.5978
1.0829
1.3555
1.1064
0.8655
0.8625
0.6032
1.2884
1.0615
0.768
1.3789
1.0546
1.0181
1.1625
1.0301
0.9773
0.9214
0.8611
1.4086
1.4603
0.8337
1.7396
1.4956
0.5343
0.8624
0.7767
1.1214
0.7152
0.935
1.2749
0.8028
1.0939
0.67
0.703
0.5105
1.0001
1.1498
0.8966
1.0773
0.9156
1.0739
0.4157
0.7877
0.8571
0.7154
1.2343
1.0458
1.0119
1.4947
0.5597
0.4668
1.2798
1.1549
1.2457
0.8
1.1125
0.6369
0.6608
1.3619
1.0014
1.7367
1.0257
0.7055
0.7946
0.6545
0.7416
0.8127
0.5518
0.8656
1.1625
0.6077
0.9384
0.7937
0.5029
1.2554
0.8986
1.2352
1.0136
1.1279
0.8866
1.079
0.9383
0.7638
0.8085
0.7412
0.8257
1.2559
0.8177
1.0026
1.2359
1.2527
1.2836
1.2036
1.2439
0.6744
1.5218
1.4872
1.9992
2.6133
2.1607
2.0117
1.7206
2.4032
2.2265
2.4948
2.1826
1.0997
2.2061
1.1278
0.9408
0.9029
1.2507
0.9897
0.9008
1.3156
0.7392
0.8794
0.968
1.4353
1.1044
1.0586
0.7694
0.9105
0.7564
1.1601
0.7031
1.1651
0.5799
0.9072
0.7329
1.1671
1.3875
1.1092
0.6982
0.9142
1.2299
1.406
0.9045
1.1646
0.9801
1.2489
0.9949
0.509
0.6997
0.6993
0.9942
0.9948
0.7134
0.6924
0.8925
0.812
0.8801
0.9829
0.6983
0.6689
0.8102
1.0586
0.7742
1.2558
0.8445
0.7408
0.7082
1.0117
0.9801
1.0871
0.9322
0.714
1.0609
0.7996
0.6414
0.6493
1.2197
1.2522
0.6821
1.3059
1.2802
0.9121
1.1541
0.5149
0.9898
0.9619
0.7485
0.8032
1.0795
0.6555
0.5626
0.9448
0.9452
1.0304
0.3852
1.5701
0.8298
0.9227
1.2479
0.923
0.9446
1.4719
0.4832
0.7272
1.2403
0.558
1.3411
1.3357
1.1329
0.9215
0.5423
1.167
0.9901
0.7519
1.2488
0.7058
0.5954
0.7434
1.0742
0.4525
0.6317
1.2319
1.0274
0.7485
1.3388
0.6376
0.9832
0.8884
0.9468
1.3251
1.2206
0.4631
1.3942
0.8289
0.7324
0.9087
0.9828
1.2972
1.6161
0.5579
0.7839
0.7159
0.6613
1.124
1.3859
1.3315
1.1622
1.0834
0.5584
1.4551
0.4655
1.2771
1.1621
0.8135
0.6207
1.232
1.1476
0.8036
1.0955
1.2213
1.1517
0.6711
1.5086
1.287
0.8702
1.2041
1.1927
1.5238
1.145
1.4861
0.9911
1.0543
1.0427
0.8071
0.9246
0.5266
0.8681
0.6742
0.6955
0.5956
0.9394
1.3634
1.1116
0.9377
0.8636
1.1104
1.3655
1.217
0.6225
1.1833
1.3639
0.8442
1.1834
1.1586
0.6364
1.3522
1.3712
0.7125
1.2726
0.9907
1.0945
0.9498
1.1115
0.8782
1.0852
0.7411
1.1327
1.0998
1.033
1.5467
0.8482
0.7821
0.693
1.3399
0.9949
1.2042
0.9632
1.3618
0.8012
1.2572
1.4773
1.2866
0.5092
1.2301
0.9181
0.9064
1.0707
0.6638
0.5982
0.9601
1.1482
1.3079
0.881
1.179
1.1086
0.5045
1.2032
0.9245
0.8703
0.5877
0.9878
0.9927
0.7456
1.63
0.898
0.7408
0.7763
1.1269
1.1409
1.1087
0.6258
0.6184
1.403
0.9326
1.3561
1.3775
1.1613
0.6135
0.7373
1.0859
0.8238
1.2321
0.6486
0.578
0.6757
0.9945
0.5896
0.5428
0.9028
0.9542
0.7735
0.8254
0.958
1.3907
0.8316
0.8449
0.9745
1.0806
0.7901
0.5792
1.369
1.2311
0.9027
0.974
0.6384
0.9486
1.0248
0.9437
1.2822
1.0372
0.6549
0.7896
1.323
0.7444
1.1021
0.9515
0.762
0.8476
1.3202
1.272
0.8935
1.1037
0.8506
0.8333
1.3697
0.7863
1.1784
1.1392
0.7297
1.1619
1.3606
1.1006
1.2427
1.4156
0.9358
1.3166
0.6668
1.0362
1.0797
0.6281
0.938
0.7021
0.9472
0.7884
0.9168
1.1483
1.0594
1.0979
0.545
1.172
1.1994
0.7394
1.1756
0.9884
1.0543
0.6288
0.973
0.91
0.6577
0.8257
0.9217
1.0517
1.2798
1.0381
0.6906
1.2
0.8794
1.2485
0.5929
0.6633
1.1704
1.0356
1.4488
1.3378
0.8732
0.8868
0.618
1.2813
1.6627
1.2979
1.1947
0.927
1.6316
1.2189
0.7273
0.7485
1.1218
0.6046
0.864
0.7533
0.8713
0.5435
0.6856
1.1335
0.8902
0.8332
0.8007
1.0629
1.0494
0.8652
0.8354
1.0841
0.9475
0.6939
0.7333
1.193
1.5412
0.8395
1.0131
0.5315
1.2923
0.8495
0.4908
0.8397
1.1034
0.6082
1.1472
0.8709
0.8687
0.703
1.0035
0.8242
1.1364
1.3662
1.2555
1.3516
0.6794
1.2699
1.1781
0.7371
1.1194
0.9711
1.1091
0.5354
0.5798
1.1731
0.7708
1.3208
0.8771
1.3948
1.0744
0.6511
1.0174
1.7571
1.2335
1.0233
1.0263
1.4534
1.1021
1.3283
1.0668
0.9285
1.1144
0.8161
0.8073
0.8536
1.105
0.5915
1.0064
0.4934
0.9942
0.6574
1.0551
0.8848
0.7259
1.1511
0.9475
1.2265
0.9389
1.2892
1.0764
1.406
0.8765
0.5629
0.4342
1.7288
1.465
0.8059
0.8239
0.5138
1.0398
0.7126
1.234
0.872
1.4135
0.6074
1.1627
0.8028
0.7659
1.275
1.2168
0.6306
0.9947
1.7408
1.357
1.3999
0.9435
0.7986
0.6953
0.4715
1.1627
1.126
0.9327
0.7156
1.256
1.299
1.2058
1.7268
1.2088
0.8004
0.5632
1.0391
0.4792
1.3095
1.242
1.1803
0.8448
1.0265
0.4453
0.6822
0.8797
0.9806
1.0429
1.0521
1.0652
0.8414
0.739
0.5669
0.9724
1.3951
1.285
0.9392
1.7071
0.9453
0.62
0.9016
0.6007
1.2148
0.972
1.125
0.9133
1.1778
0.912
1.1385
0.6786
0.7668
0.5338
1.3298
0.774
0.9449
1.3022
0.9241
1.6118
0.9355
0.7273
0.6427
0.5151
1.041
1.1845
1.2648
0.8326
1.0195
1.4503
1.2305
1.6357
0.8175
0.6254
0.8862
0.4807
1.3194
1.4184
0.9836
1.183
0.7492
0.8717
0.7431
1.5092
1.1621
1.1777
1.1329
0.8835
0.8034
0.5826
1.1534
1.2309
0.9774
0.8041
0.9696
0.5496
1.3095
1.0278
0.7591
1.0558
0.9299
1.3617
0.8366
0.5624
0.7153
0.9323
1.2619
0.9084
0.9357
1.3352
1.0312
0.5564
0.7009
0.4831
1.005
0.7465
0.831
0.8816
0.6215
1.2701
0.8915
1.3012
1.1513
1.7334
0.9039
0.7897
1.1637
1.2003
1.4838
0.8047
1.3437
0.7656
1.4502
1.1392
0.9803
0.6899
0.6436
1.3561
1.3762
0.575
0.9911
1.4374
1.0416
1.2858
1.2281
0.7866
1.212
0.9501
0.9869
0.8227
0.8502
1.3467
0.4985
0.7479
1.107
1.5467
0.6904
0.8658
0.5404
1.3396
1.0598
1.5728
0.5721
0.9972
0.5833
1.1755
0.7056
0.4755
0.8328
0.9508
0.6565
1.381
0.8762
0.8933
0.9241
0.6574
1.1677
0.5765
0.5812
0.6645
0.8748
1.5545
0.6067
0.7431
0.5271
0.7904
1.2411
1.1298
1.0669
0.9381
0.3457
0.7776
0.4963
0.4162
1.1761
0.7127
0.8892
1.4604
0.5961
1.0184
0.9585
1.2675
0.9637
0.422
0.4158
0.9285
0.9355
0.7909
0.8081
0.6841
1.2971
0.3846
0.7711
1.0207
0.6035
1.46
0.7338
1.2378
0.7346
1.1037
1.2947
0.8637
0.474
0.9684
0.8039
1.6114
0.8341
1.078
1.0275
0.5786
1.5119
0.7364
0.765
0.5993
1.3318
0.5725
0.9202
0.7705
0.9095
0.8474
0.8016
1.4932
1.0185
1.4013
1.0719
0.8058
1.3867
1.153
0.8129
0.8029
1.2472
0.8458
0.7543
1.7753
0.8104
0.77
1.2365
1.0097
0.7749
1.0275
1.2679
1.2483
1.0834
1.1207
0.5269
1.0216
0.8742
0.9801
0.9023
0.8143
0.4585
0.7697
0.9241
1.029
1.4167
1.1645
0.7478
0.8736
0.9443
0.9859
1.3826
1.6306
0.8137
1.101
1.5066
1.0079
0.4655
1.1092
1.351
0.8038
0.9036
0.7763
1.1799
1.0072
0.7562
0.5588
1.1614
0.8714
1.3473
0.6446
1.28
0.9353
0.9075
0.5684
1.2582
0.8925
0.9058
0.7376
0.6739
1.0909
1.5193
0.8144
0.5582
1.2606
0.7358
0.674
1.1733
0.9377
1.2955
1.08
1.1655
1.0583
0.7125
0.6965
1.5184
0.7127
0.5827
0.8368
1.4427
0.9421
0.9699
0.9554
0.6829
1.2933
0.9247
0.8296
0.7125
0.8185
1.3974
0.9669
0.7812
1.1055
0.9746
0.8007
0.8182
1.0963
0.5531
1.3337
0.6798
1.5082
1.2529
1.1854
1.2324
0.82
0.752
0.5272
0.8699
0.6432
1.4401
0.6642
1.1866
1.2791
1.2007
0.78
0.9845
1.0575
0.7879
0.9003
0.5071
0.9911
0.5048
0.6626
0.5604
0.8319
0.6378
1.4325
0.6327
1.8129
1.0594
0.8456
0.9027
1.1536
1.2082
0.6951
1.2471
1.007
0.9426
0.8188
0.7598
0.872
0.9446
0.6199
0.8978
0.6925
1.0455
0.8991
1.4005
1.5225
0.6002
1.245
1.1345
1.3161
0.9917
0.8925
0.8375
1.2772
0.6899
1.2913
1.5436
0.7837
0.9186
0.9522
1.3664
0.4098
0.7926
1.0762
1.0376
1.2059
0.8501
0.9588
0.8727
0.502
0.9844
0.8795
1.1707
0.7284
1.1659
0.4789
0.9119
0.7026
0.7093
1.2342
0.9342
0.7275
1.1873
0.5185
1.0491
0.9842
1.0143
0.7309
0.8551
1.335
0.8755
0.5868
0.6662
1.1395
1.108
0.8617
0.4212
0.7253
1.4728
0.724
0.7498
1.2231
0.4456
0.7244
0.3943
1.181
1.4167
1.2661
1.0083
1.3031
0.7484
1.0416
1.0664
1.6572
0.7286
1.0696
1.0074
1.6119
1.1744
0.9765
0.7987
0.9915
1.1726
1.4261
1.3559
0.8132
0.947
1.0442
1.1388
1.028
0.9646
1.1094
0.5982
1.1801
0.811
1.4475
1.0502
1.2682
1.013
1.3962
0.785
0.8993
1.4123
1.1332
1.6157
1.0374
1.1231
1.2062
1.0462
0.6281
0.7201
1.4911
1.5013
1.0287
0.8405
0.6947
0.7894
1.1192
0.6801
1.309
0.893
1.445
1.0335
0.7156
0.5149
0.8326
0.8794
0.8291
0.9126
0.837
0.6513
1.1976
0.6709
0.9625
1.1207
1.1441
0.6952
1.0194
1.5228
0.5901
1.2068
1.06
1.3964
1.2605
0.4692
1.1478
1.2703
1.2626
0.8557
0.6867
1.2545
0.6928
1.3645
0.6235
1.0218
1.1493
1.203
1.377
1.026
0.6756
1.0638
1.25
0.815
1.0687
0.8419
1.4455
0.9449
1.21
0.9467
1.1617
1.1235
1.4054
1.4564
0.642
1.0876
1.6721
1.6233
0.734
1.1014
0.9291
0.9189
0.9747
0.5403
1.1659
1.305
1.1366
1.2954
0.6931
1.4464
0.8036
1.2073
0.7624
1.1695
1.0658
0.7334
0.9334
0.9417
1.1231
0.8587
0.7965
0.6006
0.9437
1.2118
1.6861
0.9655
0.8897
1.5816
0.9471
0.9719
0.5705
0.718
1.0754
1.2319
0.714
0.7154
0.995
1.6472
1.0421
0.5358
1.5814
0.8908
1.0688
0.979
1.4057
0.8549
1.18
1.0162
0.6248
1.2968
0.807
1.0921
0.7642
1.1954
1.127
1.2064
0.8325
0.5737
0.665
1.3139
0.7691
1.1522
1.5635
1.1242
0.8254
0.9987
1.2554
1.4209
0.9404
1.2823
1.0194
0.9471
0.7953
1.3481
1.1461
0.6561
0.8343
0.5949
0.5238
1.0561
0.881
0.7735
0.7268
0.5225
0.4598
0.7049
0.5891
0.7734
0.5909
0.8547
0.8421
0.8097
0.9457
0.973
1.0717
0.7277
0.7596
1.4201
1.0155
0.8144
0.9347
0.9668
0.6368
0.6617
0.6792
1.2495
0.5705
0.6781
1.0442
1.0947
0.6908
0.6897
1.2783
0.5789
0.4747
0.5908
1.5282
1.1499
1.041
0.4908
0.9063
0.8853
0.8008
0.7136
1.2012
1.0794
1.2257
0.4963
1.3062
0.8795
1.1559
1.1797
1.2791
0.788
0.9598
0.9752
1.0369
0.5933
0.7302
0.6407
1.1045
0.9893
0.8633
1.2051
0.7894
0.7585
0.4314
0.917
1.1928
0.7255
1.0042
1.149
0.8688
0.5921
0.9503
0.8402
1.1552
1.2415
0.9565
0.8382
0.7066
1.1545
1.1495
1.1013
0.5584
0.6807
1.284
0.7046
1.2674
0.7462
0.9272
1.2276
0.9834
0.5292
1.1015
0.7488
1.7928
1.2529
1.5002
1.1132
1.3664
0.562
1.2116
1.2894
0.5653
1.2479
1.2207
1.043
1.1715
0.5778
0.744
1.0386
1.1279
0.962
1.1936
0.905
1.0828
1.1949
0.9922
0.9459
0.7923
1.2973
1.4176
1.0925
0.6119
0.6941
1.685
1.0991
0.7769
0.6923
1.014
1.0234
0.6916
0.9635
0.8307
0.9336
0.892
1.2506
0.7528
1.1371
0.4544
0.8584
0.697
0.5011
0.4576
1.2587
1.0615
1.3556
0.4731
0.8505
1.1161
1.032
0.7787
0.8435
0.6582
0.8225
1.0211
1.5649
0.488
1.0415
0.8807
0.7321
0.9094
0.5583
0.8938
1.0847
1.5145
0.7821
0.8794
1.2042
1.3094
0.9568
1.2249
0.923
1.0172
0.735
0.9148
0.7096
1.1409
0.8769
0.7783
1.4419
1.0734
0.9796
0.9416
1.0632
0.8201
1.3305
0.6449
0.9675
1.4323
1.1853
1.2124
1.1572
0.7617
1.0806
0.5845
0.6936
1.1236
1.1709
0.7689
0.4871
0.7446
0.9041
1.1136
1.7942
0.4961
1.4019
0.654
0.6274
0.6106
1.0501
1.2864
0.6226
0.8958
0.6936
1.3098
0.8966
1.1938
0.6777
0.6684
1.3132
0.9475
0.9894
1.0674
0.6193
1.44
0.3788
1.1283
0.6177
0.4524
1.104
0.6417
1.0982
0.6825
0.6879
0.5871
1.1538
1.0218
1.3591
1.1633
1.385
1.0461
0.5563
0.8687
1.1386
1.0765
0.7346
1.1408
1.0646
1.0644
1.0079
1.1165
1.1451
0.5101
1.1549
1.1727
0.8896
0.4627
0.4943
1.1317
0.5326
1.2564
1.0508
0.7272
0.7652
1.0471
0.7887
0.9529
1.3901
0.7597
1.3536
0.7896
0.9473
0.7537
0.8826
0.5413
0.6791
1.0076
1.1265
0.893
1.1554
1.0804
0.6808
1.0499
1.1586
0.511
1.2908
0.9569
1.355
1.1685
1.0903
1.1305
0.7737
0.5403
1.6446
1.4102
0.9872
1.2807
0.9937
0.6057
1.6447
0.7132
1.2412
1.6846
0.8152
1.1679
1.1631
0.4971
0.881
0.8211
0.5648
0.878
1.3891
1.1319
0.7948
1.3284
0.8683
0.771
1.3936
1.2262
1.145
0.6374
0.9607
0.9167
0.7772
1.2413
1.1989
1.3457
1.1384
1.1724
0.9986
1.784
1.1466
0.8771
1.1835
1.5074
1.2073
0.8754
0.9167
0.8999
0.5533
0.7281
1.1609
1.4044
1.4284
1.0459
0.7823
1.5401
0.8216
1.2959
0.5055
1.1504
1.0777
1.0201
0.7031
1.0717
0.8483
0.6178
1.0667
0.5338
0.5454
0.7012
0.529
0.735
1.1219
1.3535
0.6928
1.0143
1.081
0.7375
0.8815
1.3762
0.6848
0.5811
0.5343
1.1175
0.9
0.7613
1.0016
0.9329
0.8983
1.0593
0.9606
0.7839
1.1293
0.9875
1.0868
0.699
0.5873
0.6771
0.8808
1.8344
0.4461
0.7214
1.1456
1.2082
1.071
1.6874
0.7862
0.8711
1.1081
1.035
0.9238
1.2901
0.7324
0.8766
0.7933
1.0236
1.3057
1.2157
1.0499
0.788
1.2411
1.2447
1.3275
0.9762
0.6718
1.4063
0.826
1.4732
1.168
0.7826
0.701
0.9656
1.4698
0.6588
1.0367
1.2318
1.2352
1.6402
1.3565
0.9855
0.9852
1.4144
0.6023
0.8834
1.3831
1.6609
0.8638
1.0478
1.2984
1.5222
1.1924
0.551
1.2919
0.9056
1.0297
0.823
1.0673
0.9654
0.8699
1.4101
1.1964
1.1008
1.4058
0.8737
1.4087
1.5673
1.3194
0.7528
1.0188
1.4336
0.859
0.8914
1.3326
1.4893
0.8318
1.6695
1.7015
1.3444
1.3184
0.5018
1.0624
1.0009
0.6482
0.7904
0.9103
0.6077
0.769
0.6058
0.9414
1.2303
1.2373
0.9962
1.6221
1.3311
0.7539
0.828
1.0378
0.8657
1.4525
0.664
0.5871
1.2248
0.9794
1.1871
0.7508
1.4381
1.5546
1.1352
1.1133
1.6184
0.9202
0.4146
1.3951
1.0308
0.5423
1.1353
1.2889
1.2751
0.9481
0.6704
1.1103
1.3049
0.8072
1.077
1.1865
1.0912
1.1886
0.8773
0.9651
0.6681
0.9384
1.4448
1.1769
0.8292
0.8768
0.981
0.5905
0.7547
1.1699
0.9503
0.9971
1.6151
1.1514
1.1483
1.3734
1.1402
0.7452
0.4076
1.25
1.3446
0.5341
1.4158
1.4858
1.0527
1.1904
0.875
1.1068
0.8516
1.1312
1.2433
0.834
1.4378
1.3984
1.0898
0.4712
0.9875
0.5692
0.6628
0.5992
1.5107
0.6606
1.2219
0.9594
0.758
0.9831
1.0426
0.9643
0.8719
1.4909
1.1796
0.9455
0.5794
1.0716
1.0385
0.907
1.6365
0.8668
0.8549
1.028
0.8492
1.2342
1.474
1.674
1.4759
1.2777
0.8779
1.0788
1.4445
0.9805
0.6457
1.3642
1.2181
0.7327
1.7243
1.0302
1.8825
0.8523
0.5615
1.0944
0.8731
1.1015
1.6396
0.6325
1.3844
1.4503
1.8876
0.8539
1.1734
1.3566
0.8327
1.085
1.2689
0.7041
0.6313
1.4055
1.039
0.9877
0.8364
0.5347
1.1702
0.9701
0.7799
1.3384
1.229
0.796
0.7376
1.0761
1.2918
1.0067
1.4595
1.3199
0.8203
1.1245
0.9959
1.0036
0.7843
1.8025
0.9716
0.7574
0.8457
0.9618
0.691
1.2049
0.9219
0.5883
0.6972
0.5921
1.1464
0.6407
1.2314
0.8402
0.5102
0.9576
1.6686
0.6613
0.956
0.8433
1.4268
0.9128
0.8849
0.9273
1.3171
0.5385
1.0047
1.2361
1.5897
1.0509
0.8756
0.9775
0.8401
0.8138
1.074
0.5611
0.7036
1.2912
1.3694
0.7699
1.2597
1.19
1.0282
0.7566
0.8881
0.777
0.6083
1.1021
0.6073
0.9978
1.5385
0.7349
0.7635
1.2169
1.4762
1.067
1.2748
0.7136
1.2272
1.2088
1.0609
0.619
1.3318
1.0082
0.7542
1.0233
0.9172
0.7013
0.936
1.1209
0.9596
0.8352
0.8048
1.1088
0.6697
1.1824
1.0965
1.0964
0.709
0.6917
0.6673
0.7861
0.8275
1.3273
1.0968
0.8911
1.0591
0.7093
0.7657
1.0731
1.1515
1.0914
0.7509
1.1006
1.1106
0.9208
1.0844
0.9295
0.9598
0.8481
1.469
0.8614
0.7804
0.8586
1.3347
1.2386
0.7561
1.1899
0.814
1.4587
0.9291
0.5605
1.3515
0.6762
0.931
1.3354
0.8538
1.1377
1.2763
1.0769
1.6327
0.6912
0.8965
1.5845
1.8554
0.9367
1.5994
1.429
1.0613
0.9201
0.5343
1.4453
1.1455
1.1337
0.5221
0.7326
1.2196
1.5242
1.396
1.4955
0.8879
0.4828
1.8172
1.166
0.9875
0.7896
1.9428
0.6234
1.2712
0.855
1.3989
0.6852
0.7238
0.9315
0.8949
0.7556
0.705
0.7708
0.997
0.7397
0.8834
0.9512
0.4592
0.8393
1.0522
0.9259
1.1406
0.705
0.6835
1.0368
0.9003
0.8265
1.4731
1.0677
1.6241
1.0561
1.1654
0.8684
0.8224
0.4795
1.1211
1.0405
0.7294
0.5853
1.1403
1.1452
0.5518
0.8678
0.6794
0.8355
0.9628
0.9705
0.8516
0.7848
0.7364
0.7086
0.6375
0.8739
1.0121
0.6813
1.0841
1.0839
0.9605
1.2685
0.7739
1.0207
1.0862
1.4085
0.8469
0.9984
1.2361
1.3048
0.8134
1.0731
1.2247
0.6396
1.2174
1.0655
1.6324
0.8797
1.4608
1.7253
1.7972
0.783
0.6503
1.4329
0.6355
1.3491
1.2769
0.5247
0.8832
1.6216
0.7292
0.9685
1.6607
0.4269
1.2456
1.1091
1.0251
1.1409
1.408
1.0867
0.8888
0.8854
1.1077
1.1158
1.4789
1.3644
1.2427
0.8499
0.993
1.4672
1.2828
0.6554
0.6497
1.4143
1.6735
1.9345
1.6498
1.3579
1.6545
1.8157
1.5075
0.7813
0.6132
0.6012
0.9894
1.41
1.5842
1.2284
1.0374
0.5843
1.0029
0.9317
0.5705
1.3324
0.956
1.3572
0.9119
0.7589
0.816
0.7899
1.079
1.2942
1.3862
0.7228
0.5582
0.8882
0.6409
1.3445
0.9582
0.8609
1.2972
0.9217
1.5015
0.787
0.7744
0.5164
1.4585
0.9374
0.8114
1.2586
0.8411
0.943
1.0518
1.1301
0.6815
0.7482
1.349
0.9258
1.3036
1.6572
1.2665
1.3202
1.0428
1.1372
0.7923
1.2701
1.2246
1.0862
1.3672
0.7509
1.1953
1.0671
0.7857
0.6564
0.6681
1.1995
1.4481
0.711
1.23
1.5597
1.4664
0.822
1.2382
1.4536
0.7779
0.7391
0.6872
1.1617
0.7277
0.9251
0.8186
0.645
0.7651
1.4129
0.9857
0.7268
1.1914
1.2388
1.2977
0.9441
1.1733
0.7164
1.2635
1.2654
0.8273
1.2764
1.0934
0.5439
1.0918
0.8245
1.0483
1.0959
1.1503
0.8722
1.3577
1.0793
0.8121
0.7152
0.8102
1.6385
0.6186
0.8759
0.8856
0.6633
0.7473
1.4694
0.7196
0.8483
1.0302
0.9121
1.2267
1.5126
0.9188
1.3896
1.0752
1.4155
1.028
0.935
1.3963
0.8456
0.7725
1.1439
1.3436
0.9931
1.1463
0.928
0.8974
0.6685
0.5056
0.8454
1.3675
1.2531
1.2302
0.9094
1.1692
1.1969
0.8012
0.9239
1.1459
1.2554
1.281
1.3924
1.2517
0.6482
0.5186
1.1688
0.408
0.7712
0.8742
0.507
0.9449
0.4761
0.9873
0.8885
0.4703
1.1675
0.671
1.2068
1.0458
1.5241
1.2032
0.6058
1.031
0.9252
0.5753
0.8865
0.6065
0.5634
1.1893
1.2971
0.9253
1.126
0.9406
0.7897
1.0998
0.7635
0.4971
1.0615
0.9335
0.7332
1.0009
0.6746
0.844
0.55
0.9316
1.1964
0.9205
0.9747
1.046
0.8676
0.9563
0.826
0.5729
1.2754
0.7575
1.5637
1.2945
1.181
0.7673
0.871
1.1447
1.0663
1.059
1.1209
0.6459
0.9133
1.2452
0.7441
1.2062
1.1557
0.9929
0.9289
1.235
0.8167
0.6165
0.7789
1.0748
0.7011
0.903
0.9941
1.3762
0.9698
0.7901
1.1283
0.9294
0.856
0.7554
1.1921
0.9833
0.8146
0.8973
0.4613
0.8181
1.2105
0.8464
0.9047
0.6613
1.3135
0.7874
0.8735
0.6623
0.6976
1.153
0.6769
0.5033
0.9331
1.1925
0.8057
0.7202
0.8284
0.6211
1.2991
0.9998
0.5084
0.4204
0.8788
0.7832
0.7962
1.2854
0.7033
1.0825
0.8806
0.6648
1.0803
0.5541
0.7336
1.4056
1.0685
0.6209
0.8953
0.7991
0.7843
0.5923
1.3936
0.8017
0.9247
0.9314
0.938
1.1125
0.575
0.9961
0.8102
1.0784
0.8797
1.1209
1.4638
1.5451
0.3894
0.7243
0.7618
0.9304
0.6464
0.8509
0.5834
0.8466
1.3211
0.8528
1.1408
0.7628
1.147
1.0227
0.7082
1.0716
0.7011
0.9364
0.4789
1.1602
0.8527
1.3513
0.978
0.9658
1.0281
0.7527
0.884
0.6621
0.8216
0.7025
1.2499
0.8984
0.9052
0.9718
0.4264
0.5631
1.0707
1.2278
1.0099
1.1081
1.4888
1.0229
0.9656
0.9208
0.7746
0.7774
0.9159
1.2078
0.9989
1.2108
0.8911
0.4301
1.0628
0.8268
0.7578
0.714
1.1328
0.9719
0.5389
0.8437
0.7766
0.7992
0.5476
0.8852
1.1765
1.1933
0.8275
1.233
0.9605
0.7412
0.6652
0.9109
1.3827
1.4697
1.1848
0.815
0.9744
1.5246
1.2748
0.8938
0.5995
1.5136
1.1318
0.7137
1.248
0.7037
1.4332
0.5551
0.4242
1.3666
0.4988
1.1204
1.0729
0.9002
0.8393
1.4103
0.6138
1.0286
1.0439
0.7631
1.2269
1.301
0.7784
0.9936
0.9827
0.9365
1.0067
1.0804
1.0282
0.897
1.1961
1.137
0.9365
1.0104
0.9409
1.2316
1.3037
1.4764
1.4147
1.4297
1.4373
0.7356
0.5588
1.3615
1.3722
0.725
1.5273
1.2515
0.4947
0.4172
1.0123
1.4965
1.0001
0.9485
0.7238
0.5268
1.2198
1.1597
1.0327
1.0058
0.9167
1.1523
0.7213
1.0278
0.9959
0.9031
0.9644
0.8561
0.9396
1.2285
1.179
1.1435
1.0569
0.5695
0.9921
0.6029
1.2424
1.5467
0.9971
0.5298
0.8787
0.9153
0.4723
0.8304
0.5708
0.636
0.8381
1.5089
0.8954
1.2923
0.5558
0.9616
0.4656
1.0248
0.7727
0.8973
0.8381
0.7298
0.6749
0.3905
0.5653
0.8097
0.7774
1.1222
1.1294
0.7687
0.4762
0.4139
0.8727
0.6879
0.6206
1.0394
1.0159
1.3412
0.65
0.744
1.5903
0.6345
0.8238
1.1902
0.6573
1.0197
1.2985
0.7837
0.9556
1.2208
1.1075
0.8975
0.5657
1.5426
1.0523
0.4569
1.2248
0.9753
0.9356
0.8215
0.6173
1.1761
0.6479
0.8731
1.4139
1.0989
0.7907
1.1708
1.1206
1.2504
1.1167
0.818
1.0331
1.1506
1.6109
1.1823
0.5149
0.9637
0.9498
0.6613
1.027
0.6762
0.8494
1.2969
0.7475
0.5498
0.9594
0.9628
0.953
0.7024
0.9266
1.5261
0.9886
0.9802
0.8686
1.4237
1.0313
0.9456
0.7786
0.7701
0.9813
1.5546
1.5035
0.7744
1.1399
1.1647
0.8983
1.5291
1.0065
1.1401
1.4026
1.0495
1.2144
1.0347
1.1162
0.817
0.741
0.8441
0.701
0.6543
1.2339
0.9093
0.9986
1.0074
0.707
0.7638
1.2896
1.0459
0.8808
1.3194
1.4066
1.0141
0.8447
1.0647
0.6239
0.8227
1.2323
1.1097
0.7653
1.0336
1.4891
0.6025
1.3238
1.3356
1.1176
0.657
0.7028
1.3392
0.8621
0.5324
0.9708
1.0236
0.914
1.1426
0.9153
1.1536
0.8951
0.9659
1.2622
1.146
0.6146
0.9564
0.7409
0.5548
1.2357
0.8767
0.8923
1.1238
0.8384
1.2508
1.1675
0.9822
1.5679
1.3956
1.4255
1.3658
0.883
1.0976
0.7709
1.056
1.6224
0.7666
0.6566
1.1526
1.1344
1.3868
0.9787
1.5365
1.3168
1.5142
0.6473
1.2144
1.2771
1.4488
1.4166
1.4951
0.9699
1.3377
0.6019
0.9665
1.1925
1.7783
0.9628
1.1908
0.9354
0.6164
0.4661
0.9209
0.614
0.6895
0.4452
1.2304
1.1898
1.3579
0.9887
1.123
1.1
0.7638
1.1032
1.1166
1.0331
1.278
0.9886
0.9925
1.713
1.3097
0.9715
1.566
1.243
0.8244
1.8326
1.2159
0.984
1.2504
1.6931
1.1827
1.3764
0.8617
1.5803
0.6432
0.795
0.6999
1.1859
1.4661
1.7495
1.4569
0.8156
1.355
0.7426
1.2777
0.7183
0.5688
0.6637
0.714
0.5877
1.001
1.1448
1.2408
1.4842
1.2184
1.188
0.7021
1.3486
0.6844
1.1412
1.0016
0.5187
1.0971
1.116
0.946
0.6553
1.0005
0.7798
1.3266
1.0635
0.8154
0.691
0.7623
0.8235
0.9658
1.0245
0.9913
1.0207
0.9315
1.1251
0.9532
0.6842
1.3571
0.7815
0.7105
0.6189
0.5098
0.656
1.0475
1.6005
0.4649
0.7445
1.6625
0.909
0.4454
0.8493
1.1991
0.971
0.6099
0.8836
1.3514
0.5588
1.034
0.8262
0.9851
0.8179
0.9626
1.3309
0.9709
0.6295
1.4574
1.0372
0.7877
0.6632
0.808
0.8111
0.8189
0.909
1.7207
0.5457
1.3301
1.5266
0.8911
0.8652
1.3538
1.3946
0.9477
0.6335
0.6114
1.0225
0.6297
1.4383
1.227
1.2031
0.9238
1.1643
0.6163
0.6925
1.242
0.8468
0.8248
1.2415
1.3502
1.1916
0.6142
0.9175
0.6145
0.9171
1.2926
0.6605
0.9732
0.9158
1.0244
0.6958
0.7429
1.1202
1.0284
0.7531
1.2694
1.0971
0.9979
0.9284
0.8632
0.5066
0.8844
1.4403
0.8447
1.041
0.6202
0.8776
1.3941
1.0511
1.1764
1.139
0.7179
1.2803
0.8563
1.3597
1.6085
1.0068
1.1117
0.9343
1.2999
1.1973
1.1639
1.2196
0.6529
1.1109
1.3703
1.3141
1.2399
0.9485
0.6526
1.0711
1.1724
1.4663
0.785
1.0497
1.3347
1.2914
0.6342
0.9135
1.0237
1.062
0.8403
1.4175
1.0349
0.8388
0.6841
1.0146
1.305
0.8805
1.0854
0.8769
0.617
0.6512
1.4942
1.449
1.1496
0.7311
0.7437
1.1833
0.9991
0.7245
0.7829
0.4989
0.9808
0.6517
1.3317
1.5368
1.3886
1.4718
1.2586
0.5008
1.7693
0.8594
1.5538
1.7927
0.7244
1.1331
1.0287
0.7771
0.6694
0.6919
1.1533
0.7836
1.0655
0.9348
0.7696
0.7083
0.9375
1.1748
0.8399
0.5779
0.9871
1.1064
0.8753
1.0639
0.8437
0.7176
0.527
0.8078
0.6398
0.9325
0.8441
1.1011
0.8227
1.1361
0.6545
1.411
0.5564
0.5004
0.9663
0.4065
0.8352
0.4766
1.1209
0.5828
0.9482
0.8382
1.2991
0.4951
1.4738
0.9721
0.7311
0.5663
1.1331
1.3168
1.2143
0.7835
1.3851
0.8739
0.8721
0.7545
0.7914
0.6543
1.0934
1.0082
0.8861
0.5226
1.0348
0.4249
1.2416
0.9634
1.2491
1.731
0.432
0.7689
1.5679
0.9227
1.6637
0.4665
1.0686
1.0352
1.127
0.4989
0.6489
0.7276
0.8789
0.6004
0.5486
0.6433
0.6608
0.8583
0.8345
1.0936
0.5145
0.7823
1.0145
0.7526
0.5361
0.7036
0.929
0.928
0.9689
0.5308
0.8192
1.0972
1.3294
0.6121
0.9423
0.7308
0.8567
0.5931
0.756
0.9131
0.7044
0.481
1.1279
0.7287
0.3964
1.3609
0.6123
0.6083
0.4634
0.8166
1.0388
0.9248
0.661
0.5727
0.7267
0.85
0.9428
0.872
0.5786
1.0841
0.7637
0.7276
0.4225
0.5064
1.1405
0.8834
0.7938
0.5474
0.9198
0.62
0.8776
1.0465
0.6901
0.6773
0.9971
0.5033
0.9816
0.8569
0.5574
0.8221
0.4519
0.5253
0.6926
0.7781
0.8967
0.6635
0.6386
1.2497
1.5649
1.0289
1.3295
1.3842
1.1946
0.8838
1.6194
0.8303
1.1205
1.061
0.7146
0.7534
0.7275
0.8322
0.6928
0.4462
0.7966
0.4753
0.5372
0.75
0.5857
0.5861
0.8367
0.8519
1.031
0.8063
0.4297
0.4911
0.3849
0.6254
0.5407
0.4283
0.6933
0.4783
0.8818
0.8004
0.7592
0.4409
0.749
0.7057
0.4989
0.4729
0.4749
0.4178
0.6368
0.4819
0.5704
0.713
0.6066
0.6942
0.7598
0.7485
0.5313
0.4436
0.5036
0.4569
0.6352
0.457
0.3939
0.6374
0.5638
0.4635
0.509
0.5022
0.4731
0.3559
0.3512
0.5719
0.5795
0.6955
0.6141
0.5839
0.6878
0.3739
0.5539
0.5181
0.3687
0.318
0.5758
0.5745
0.5339
0.6677
0.5698
0.5255
0.3429
0.3378
0.6735
0.5461
0.6287
0.5216
0.4418
0.6129
0.4589
0.5507
0.4911
0.6674
0.6363
0.4172
0.3126
0.4805
0.5021
0.4837
0.5779
0.4846
0.5288
0.4228
0.5855
0.6693
0.3762
0.6094
0.3323
0.4063
0.5688
0.6549
0.4452
0.4417
0.7229
0.7077
0.4405
0.3411
0.5816
0.7724
0.6643
0.5375
0.4747
0.6628
0.6251
0.4364
0.4191
1.1463
1.2058
1.0792
1.0799
0.3521
0.4765
0.6169
0.6594
0.4315
0.3744
0.7007
0.7843
0.3125
0.5897
0.9726
0.9229
0.8755
0.5178
0.5168
0.5365
0.5581
0.6296
0.4017
0.4005
0.6107
1.1317
0.9134
